402467.32910158986	4132966.347829913	0
402467.38859561	4132966.6442929246	0
402467.45404055464	4132966.970380877	0
402467.5222168247	4132967.309957597	0
402467.5941772751	4132967.668676471	0
402467.6568298616	4132967.9808560344	0
402467.7293396285	4132968.3421994154	0
402467.7978363318	4132968.683508009	0
402467.8576965607	4132968.9819088904	0
402467.9216308881	4132969.30043611	0
402467.9953766146	4132969.6679211576	0
402468.05998232885	4132969.989965532	0
402468.132095365	4132970.349142167	0
402468.1928253452	4132970.6519299485	0
402468.2658844282	4132971.0158596947	0
402468.3312530804	4132971.3270245506	0
402468.3906250275	4132971.6900464017	0
402468.44966128294	4132971.992948623	0
402468.5304413128	4132972.395551771	0
402468.5983734404	4132972.745412919	0
402468.66625979345	4132973.100195021	0
402468.7429504681	4132973.5011120755	0
402468.808364896	4132973.840757462	0
402468.86808779754	4132974.1503430344	0
402468.9318237576	4132974.480711077	0
402468.9892273224	4132974.7786541916	0
402469.0532989781	4132975.1113873436	0
402469.11842349044	4132975.4494915907	0
402469.1811828895	4132975.7752743685	0
402469.2670593553	4132976.221220105	0
402469.33128359757	4132976.5545941335	0
402469.39335635107	4132976.876699538	0
402469.4782409951	4132977.317388628	0
402469.5531769087	4132977.706548784	0
402469.62307742075	4132978.0694485614	0
402469.6851349156	4132978.391607376	0
402469.74620058923	4132978.708578201	0
402469.81909182447	4132979.08711824	0
402469.88995364174	4132979.4550229046	0
402469.9592438029	4132979.8147870013	0
402470.0235443395	4132980.1485653827	0
402470.08720400836	4132980.47902498	0
402470.1470489794	4132980.7896481478	0
402470.20651247964	4132981.0982876723	0
402470.29386904626	4132981.551885692	0
402470.3848877244	4132982.0244580233	0
402470.44438174187	4132982.3332043607	0
402470.5186462677	4132982.7187024057	0
402470.5826263715	4132983.0508557297	0
402470.6453247353	4132983.3763485863	0
402470.704574613	4132983.683935256	0
402470.76951601956	4132984.0210095383	0
402470.8356628701	4132984.364378066	0
402470.90676882595	4132984.7335186885	0
402470.9701538365	4132985.0627499525	0
402471.05325320153	4132985.4887295663	0
402471.1221771527	4132985.8292065565	0
402471.172317534	4132986.1614056523	0
402471.221191435	4132986.4807797396	0
402471.2790222448	4132986.802068803	0
402471.33834841754	4132987.118337726	0
402471.39944460813	4132987.447179885	0
402471.4666137984	4132987.8182126004	0
402471.52595522784	4132988.152616594	0
402471.57958987134	4132988.4557553246	0
402471.6552429475	4132988.882009599	0
402471.7111969281	4132989.1961880634	0
402471.76573183894	4132989.5012570345	0
402471.8313598919	4132989.868032548	0
402471.9000854763	4132990.2523938133	0
402471.96711733856	4132990.6276150653	0
402472.02479555993	4132990.950590225	0
402472.0841827679	4132991.2833767883	0
402472.1515503217	4132991.6607342693	0
402472.21495058964	4132992.015989398	0
402472.27586367505	4132992.3569317805	0
402472.35923770006	4132992.823759169	0
402472.4169616972	4132993.1469021766	0
402472.4998626979	4132993.6110821655	0
402472.57728579553	4132994.0446759174	0
402472.6533203412	4132994.470373245	0
402472.73338320694	4132994.9186840975	0
402472.8115539843	4132995.3564969045	0
402472.89601138077	4132995.8293515155	0
402472.9790191941	4132996.294172377	0
402473.0655975615	4132996.7790204016	0
402473.14759829576	4132997.238134476	0
402473.22805788973	4132997.6886197035	0
402473.304107694	4132998.11444673	0
402473.3800049115	4132998.539434524	0
402473.45741274755	4132998.972852801	0
402473.53407290333	4132999.402189349	0
402473.59472658986	4132999.7436047513	0
402473.66169741563	4133000.1447506887	0
402473.7479858673	4133000.549215409	0
402473.8220520304	4133000.8863278367	0
402473.89254763484	4133001.249311538	0
402473.95927432063	4133001.607587904	0
402474.0290832812	4133001.981184096	0
402474.09797671187	4133002.3435498173	0
402474.17205813306	4133002.7264843895	0
402474.2471924107	4133003.1122113164	0
402474.3136749547	4133003.453985304	0
402474.3768005649	4133003.7795239436	0
402474.44194033585	4133004.1164303734	0
402474.5246429716	4133004.5351925823	0
402474.5901642123	4133004.880247205	0
402474.6428222936	4133005.2113858173	0
402474.7021637255	4133005.5473538376	0
402474.77758791874	4133005.947919936	0
402474.84812929964	4133006.326192946	0
402474.91331484745	4133006.6830502492	0
402474.9804230011	4133007.0527707054	0
402475.0502624784	4133007.4350033742	0
402475.1217346477	4133007.823278519	0
402475.19363406097	4133008.2132016136	0
402475.26567080396	4133008.6099606464	0
402475.32371523697	4133008.9335461548	0
402475.3849335009	4133009.2779751755	0
402475.4573517128	4133009.6803570725	0
402475.5325775421	4133010.0931759793	0
402475.6106109908	4133010.5161953894	0
402475.68997195305	4133010.945798966	0
402475.76829531585	4133011.375402541	0
402475.8485565463	4133011.8243161147	0
402475.9293976103	4133012.2689877455	0
402475.984420804	4133012.5680447514	0
402476.06245425233	4133012.984190079	0
402476.12272646936	4133013.301130388	0
402476.19390871923	4133013.6770535447	0
402476.2540436072	4133013.9987698514	0
402476.3088836955	4133014.295248125	0
402476.3672638231	4133014.6142483694	0
402476.4509887972	4133015.0756054814	0
402476.5355377485	4133015.551138015	0
402476.6027527133	4133015.9349728543	0
402476.6698456099	4133016.3227368314	0
402476.72029116604	4133016.618581864	0
402476.8001404099	4133017.0853177044	0
402476.88624575647	4133017.569891068	0
402476.97343447723	4133018.0545178363	0
402477.0578003219	4133018.5334912282	0
402477.12965395884	4133018.952642535	0
402477.197036771	4133019.3498135516	0
402477.2526245389	4133019.690107437	0
402477.34518435464	4133020.255811783	0
402477.41813662584	4133020.684141253	0
402477.48490908614	4133021.0592175433	0
402477.5383301062	4133021.3573590233	0
402477.6135559359	4133021.780759905	0
402477.66851809394	4133022.088903518	0
402477.7320099164	4133022.457128619	0
402477.8233948028	4133022.9857083266	0
402477.875747708	4133023.2826748844	0
402477.9289856239	4133023.583181471	0
402478.0092926307	4133024.0438900897	0
402478.0845794965	4133024.4815197918	0
402478.14181521314	4133024.815435501	0
402478.19908144965	4133025.148115249	0
402478.2596893582	4133025.494817826	0
402478.31594851473	4133025.8235989534	0
402478.37083437946	4133026.1207486093	0
402478.4338074012	4133026.444959732	0
402478.4941101348	4133026.7937680203	0
402478.5501098924	4133027.1178189246	0
402478.6223755174	4133027.5131512573	0
402478.6759186082	4133027.832586379	0
402478.74975588656	4133028.1398144667	0
402478.8151397986	4133028.483198259	0
402478.87565615587	4133028.8309613154	0
402478.9332123087	4133029.1285382225	0
402478.991958646	4133029.424116227	0
402479.069244414	4133029.7391491826	0
402479.13879397255	4133030.0788403475	0
402479.2045898724	4133030.4217053363	0
402479.2656860627	4133030.7251721337	0
402479.3336029344	4133031.044691178	0
402479.39932253887	4133031.33936891	0
402479.4786682406	4133031.7271557753	0
402479.5389709757	4133032.0252362224	0
402479.61714175274	4133032.392957779	0
402479.7007599158	4133032.7679730365	0
402479.80734255665	4133033.2771893465	0
402479.888900785	4133033.686933607	0
402479.95599368087	4133034.002775283	0
402480.0314178756	4133034.319486708	0
402480.1052856726	4133034.6397839505	0
402480.17318728374	4133034.9510632465	0
402480.2392730983	4133035.264478775	0
402480.3046875271	4133035.5840588543	0
402480.3703155805	4133035.9086743332	0
402480.4314422892	4133036.2216931265	0
402480.4910431182	4133036.5288830707	0
402480.5533600126	4133036.8311291663	0
402480.6426239294	4133037.2877789442	0
402480.72586062294	4133037.671369645	0
402480.7887573521	4133037.9672223036	0
402480.84962466155	4133038.269971938	0
402480.91969302023	4133038.6396771367	0
402480.9804230019	4133038.9766980126	0
402481.0528412149	4133039.3926526024	0
402481.10746767855	4133039.689100357	0
402481.16963198665	4133040.0062085134	0
402481.25961306447	4133040.447980969	0
402481.3312683389	4133040.796888441	0
402481.4170685087	4133041.2232953017	0
402481.4973449989	4133041.650861832	0
402481.5834350875	4133042.123701186	0
402481.647888211	4133042.471677867	0
402481.706558255	4133042.776365372	0
402481.7875061319	4133043.185728167	0
402481.86363223125	4133043.562574477	0
402481.93380740006	4133043.908750626	0
402482.004699734	4133044.266935436	0
402482.0661621386	4133044.5958844163	0
402482.1258087442	4133044.922529312	0
402482.2139129916	4133045.399686905	0
402482.3024444852	4133045.8608075096	0
402482.37760928134	4133046.2408123924	0
402482.45214846585	4133046.613370988	0
402482.537094144	4133047.03947267	0
402482.6027679735	4133047.3901349013	0
402482.6683044707	4133047.758573625	0
402482.72460940335	4133048.078489395	0
402482.80538943305	4133048.529920668	0
402482.8947296421	4133049.0105877835	0
402482.9823456085	4133049.465009779	0
402483.04583743	4133049.788007825	0
402483.10842898366	4133050.1108380295	0
402483.19973757665	4133050.606580824	0
402483.2921753215	4133051.1303845346	0
402483.3864898955	4133051.6560193007	0
402483.48774721986	4133052.200773332	0
402483.5817108442	4133052.7164135887	0
402483.67811587243	4133053.226820082	0
402483.7441559126	4133053.5641919095	0
402483.8000488564	4133053.8605633704	0
402483.88804629236	4133054.3306714017	0
402483.94491579843	4133054.631940929	0
402484.02937319636	4133055.0560742337	0
402484.10678103473	4133055.4277935945	0
402484.1743622116	4133055.7628003084	0
402484.2529297157	4133056.1238232586	0
402484.32984927105	4133056.508054823	0
402484.4046020798	4133056.9089947646	0
402484.4811096465	4133057.3088360736	0
402484.5673370649	4133057.715330216	0
402484.6630707065	4133058.1260052654	0
402484.7617492961	4133058.5631085346	0
402484.85032656725	4133058.9948712285	0
402484.91221621394	4133059.3130474985	0
402485.0003814976	4133059.7759686434	0
402485.094329861	4133060.2528668335	0
402485.1991424846	4133060.7447491586	0
402485.2830963406	4133061.1309338533	0
402485.350601224	4133061.448804944	0
402485.4134521759	4133061.7535992563	0
402485.50880435004	4133062.2182293856	0
402485.57446291915	4133062.5390759427	0
402485.66732790833	4133062.9982586806	0
402485.78514101997	4133063.569410415	0
402485.87297061016	4133063.979246229	0
402485.95935061335	4133064.370557874	0
402486.0218048384	4133064.7415600736	0
402486.07958987134	4133065.0970745985	0
402486.1666260056	4133065.5517865145	0
402486.25331118493	4133065.9781475984	0
402486.3133545208	4133066.2796307523	0
402486.35527041345	4133066.6046582167	0
402486.4037475863	4133066.9316388117	0
402486.4705353053	4133067.2740155165	0
402486.500793486	4133067.599821179	0
402486.5513458537	4133067.98086366	0
402486.5917053512	4133068.329740616	0
402486.62722781027	4133068.638776871	0
402486.67108157196	4133068.950330825	0
402486.71847536927	4133069.3104687654	0
402486.76400759735	4133069.6637097294	0
402486.7960815702	4133069.9694195697	0
402486.8082733445	4133070.3053875873	0
402486.8290558151	4133070.618543715	0
402486.852935818	4133070.9613781874	0
402486.8862610134	4133071.2808514517	0
402486.87200930435	4133071.6191235497	0
402486.851593046	4133071.932905287	0
402486.8439178742	4133072.271299451	0
402486.85009768535	4133072.5749951308	0
402486.8273620877	4133072.906858533	0
402486.80517580983	4133073.235792249	0
402486.7390289596	4133073.5405560425	0
402486.69024661114	4133073.8734112675	0
402486.63113406184	4133074.1958447406	0
402486.5846863069	4133074.535596938	0
402486.5319519321	4133074.838209242	0
402486.4546661661	4133075.139310929	0
402486.3700256619	4133075.4602948125	0
402486.3053741744	4133075.774885267	0
402486.1891479766	4133076.08180055	0
402486.11347964325	4133076.3742810185	0
402485.9567566206	4133076.6399670555	0
402485.87014773255	4133076.9462414724	0
402485.70855715766	4133077.2608929565	0
402485.61007693177	4133077.5604687645	0
402485.4219055461	4133077.816251845	0
402485.31703188806	4133078.1009198143	0
402485.1141052516	4133078.335416884	0
402484.93742373475	4133078.6374951336	0
402484.7212066932	4133078.876661391	0
402484.50869753683	4133079.1013470595	0
402484.3317261032	4133079.355100723	0
402484.08287051227	4133079.5298748906	0
402483.8746338171	4133079.7777386606	0
402483.6245422638	4133079.9441052387	0
402483.41726687446	4133080.1743145916	0
402483.1324768341	4133080.330000015	0
402482.8993988307	4133080.541715713	0
402482.60325625376	4133080.6873761117	0
402482.36036684865	4133080.888685318	0
402482.04772952094	4133081.0244885385	0
402481.7897796903	4133081.2127057044	0
402481.4860840121	4133081.3278027494	0
402481.21994021453	4133081.472913831	0
402480.9247589385	4133081.5880413987	0
402480.6407470993	4133081.7236309955	0
402480.335586576	4133081.783887955	0
402480.0583191209	4133081.9142437926	0
402479.7757263466	4133082.018583386	0
402479.4749450963	4133082.0507183983	0
402479.1658325475	4133082.1699200566	0
402478.81623843045	4133082.28545961	0
402478.4977569854	4133082.302610487	0
402478.19775393436	4133082.3921795785	0
402477.8856506632	4133082.434858413	0
402477.57977297716	4133082.435636611	0
402477.2847290326	4133082.499967668	0
402476.94787600444	4133082.463834852	0
402476.60867312376	4133082.4602185213	0
402476.25636294205	4133082.4582043597	0
402475.93173220527	4133082.349592302	0
402475.6093292522	4133082.3329907362	0
402475.3074798868	4133082.2433758685	0
402474.9965362838	4133082.175733655	0
402474.69808962714	4133082.106794447	0
402474.40937807894	4133081.986829847	0
402474.12049868493	4133081.892973036	0
402473.83560183516	4133081.7360669076	0
402473.5508423123	4133081.617658705	0
402473.2786102584	4133081.4842968895	0
402473.02874758566	4133081.287031263	0
402472.73019412096	4133081.12075624	0
402472.51296999934	4133080.909879776	0
402472.24821475084	4133080.721128553	0
402472.03869631677	4133080.472349257	0
402471.79991152626	4133080.284010026	0
402471.61027529696	4133080.0166302635	0
402471.413620024	4133079.739835832	0
402471.2734527874	4133079.4705487206	0
402471.0854492477	4133079.2062664973	0
402470.9772491739	4133078.9072552635	0
402470.84164431505	4133078.638547986	0
402470.74008181447	4133078.355985733	0
402470.63456728787	4133078.0602704003	0
402470.5214386258	4133077.7803479144	0
402470.4479980747	4133077.4848156893	0
402470.37266543333	4133077.181150529	0
402470.2812347698	4133076.8565197885	0
402470.2135620395	4133076.557920546	0
402470.13935854926	4133076.2265301677	0
402470.0600891406	4133075.880598159	0
402469.9789276406	4133075.547498793	0
402469.92643740657	4133075.250471208	0
402469.84992983734	4133074.934721085	0
402469.7838592813	4133074.635572523	0
402469.72166445607	4133074.283414931	0
402469.64521792374	4133073.9595471337	0
402469.5820312771	4133073.656263442	0
402469.52005007595	4133073.3545056307	0
402469.45635989204	4133073.0515728914	0
402469.3876037886	4133072.724454971	0
402469.32156374835	4133072.4085827786	0
402469.249237088	4133072.090986341	0
402469.25045779167	4133071.775816051	0
402469.2399902634	4133071.413068862	0
402469.2795563033	4133071.101896376	0
402469.3322906769	4133070.7997723543	0
402469.35745242005	4133070.460325331	0
402469.3886261275	4133070.135221571	0
402469.5120697295	4133069.793500992	0
402469.6260834016	4133069.4886151287	0
402469.7550812041	4133069.1985302884	0
402469.90797427186	4133068.912168591	0
402470.11068728304	4133068.598386858	0
402470.33055117633	4133068.327360244	0
402470.5617981228	4133068.0849743816	0
402470.7950287143	4133067.8700390756	0
402471.0418854052	4133067.66789064	0
402471.29534914927	4133067.500532244	0
402471.5829468057	4133067.3279705937	0
402471.8737030312	4133067.18173036	0
402472.23054507165	4133067.0395794804	0
402472.56439211796	4133066.936048598	0
402472.90167239157	4133066.8682385394	0
402473.2109375273	4133066.8415814354	0
402473.5796509066	4133066.7442913945	0
402473.9168243697	4133066.644636246	0
402474.22303774883	4133066.58360109	0
402474.5382843298	4133066.515760513	0
402474.8813324262	4133066.4355603177	0
402475.17971804616	4133066.371656506	0
402475.47360232275	4133066.2592144916	0
402475.7650451945	4133066.133573622	0
402476.05790713185	4133066.0678845383	0
402476.34266665444	4133065.909086318	0
402476.62696841196	4133065.73399171	0
402476.8977966593	4133065.538633439	0
402477.1346283231	4133065.337659925	0
402477.3946533485	4133065.1066876375	0
402477.614151028	4133064.8497143686	0
402477.80833437777	4133064.598966689	0
402477.9876404082	4133064.328580946	0
402478.12828066706	4133064.0632611196	0
402478.2782898226	4133063.743055434	0
402478.3917846961	4133063.4455243074	0
402478.4998169235	4133063.096632094	0
402478.58049014007	4133062.708250136	0
402478.62062075565	4133062.3866253803	0
402478.6354217805	4133062.061582655	0
402478.62324526627	4133061.7590008695	0
402478.6011963163	4133061.4396038987	0
402478.5433502485	4133061.123731704	0
402478.47439578007	4133060.7557507465	0
402478.44485476415	4133060.353162854	0
402478.4273071574	4133060.0051556523	0
402478.4016113562	4133059.68113527	0
402478.361724882	4133059.3029614403	0
402478.316558866	4133058.9101544307	0
402478.26777651755	4133058.4826947153	0
402478.2206726351	4133058.0527783344	0
402478.1878967561	4133057.7430554307	0
402478.1400146771	4133057.284116836	0
402478.09327700635	4133056.8352185204	0
402478.0489349654	4133056.411649794	0
402478.0116119658	4133056.012174696	0
402477.96461489686	4133055.6400128305	0
402477.9047088902	4133055.2850781395	0
402477.85743716115	4133054.9217511136	0
402477.8112488072	4133054.6108990624	0
402477.76266482356	4133054.2855969397	0
402477.70478823554	4133053.8398419335	0
402477.66264346027	4133053.515150159	0
402477.6065826701	4133053.104139417	0
402477.5646362587	4133052.8044873215	0
402477.5178833299	4133052.4701825078	0
402477.46876528586	4133052.082670304	0
402477.4015350629	4133051.7566815335	0
402477.3342895793	4133051.369199844	0
402477.2825775432	4133051.0310498183	0
402477.2302704145	4133050.6833477924	0
402477.16659548646	4133050.289396376	0
402477.11592104787	4133049.9819928124	0
402477.0528869911	4133049.569868176	0
402476.9886780057	4133049.2551251394	0
402476.93190005346	4133048.9596844674	0
402476.87614443625	4133048.6094342186	0
402476.81108095974	4133048.2223950326	0
402476.74761965644	4133047.860349744	0
402476.68331911904	4133047.4949780423	0
402476.6297149949	4133047.1881390517	0
402476.57504275313	4133046.873167129	0
402476.5175323759	4133046.5411206186	0
402476.4637146278	4133046.2308789175	0
402476.38890078454	4133045.8003979633	0
402476.32966616674	4133045.4599133455	0
402476.2660217569	4133045.0936871464	0
402476.20069888124	4133044.7177868807	0
402476.13555911114	4133044.342893695	0
402476.07000735286	4133043.96566591	0
402476.01620486216	4133043.6561566317	0
402475.94760134566	4133043.260648818	0
402475.89108279266	4133042.9311047522	0
402475.83296206367	4133042.616010757	0
402475.7782440471	4133042.311460586	0
402475.7174377716	4133041.9628125113	0
402475.6640014939	4133041.6464215186	0
402475.5942840865	4133041.291334246	0
402475.531372098	4133040.9531842177	0
402475.4576721479	4133040.5976239187	0
402475.37857058557	4133040.1618939387	0
402475.3117828643	4133039.80016908	0
402475.2498626987	4133039.4728527986	0
402475.18467715185	4133039.118452163	0
402475.1023712442	4133038.751508802	0
402475.026962308	4133038.362897965	0
402474.9704437527	4133038.0630474994	0
402474.89465334854	4133037.6745587294	0
402474.82562258665	4133037.3265667874	0
402474.75729372975	4133036.9813977196	0
402474.68945315335	4133036.637113661	0
402474.62519839226	4133036.3100872952	0
402474.56024172716	4133035.9795208885	0
402474.48484804947	4133035.596265886	0
402474.41516116186	4133035.2423230126	0
402474.3460998818	4133034.891462419	0
402474.2813415803	4133034.5626965477	0
402474.2181091588	4133034.241468519	0
402474.15747073153	4133033.933271498	0
402474.09927370865	4133033.6375409057	0
402474.0328522014	4133033.30004701	0
402473.9577942171	4133032.897642228	0
402473.8797149928	4133032.5749493567	0
402473.8019562046	4133032.2006970346	0
402473.6755066201	4133031.8616009676	0
402473.5745392117	4133031.5615673983	0
402473.4808655071	4133031.225416274	0
402473.3949890419	4133030.9089184715	0
402473.3079223919	4133030.6181317265	0
402473.2020874309	4133030.3366833627	0
402473.0515137002	4133030.027448744	0
402472.9628906523	4133029.7384777963	0
402472.80210879253	4133029.440275285	0
402472.6267090131	4133029.187406633	0
402472.444488554	4133028.9257183974	0
402472.22914126364	4133028.6936474745	0
402472.03652957	4133028.378156755	0
402471.79069521965	4133028.1844006525	0
402471.54873660026	4133027.99272737	0
402471.3005523964	4133027.79743013	0
402471.01304629236	4133027.625814525	0
402470.79333498864	4133027.4079419123	0
402470.483047513	4133027.276937575	0
402470.1932831084	4133027.1490612957	0
402469.87677004776	4133027.0368863037	0
402469.5397491728	4133026.9401684725	0
402469.2035522749	4133026.8896542503	0
402468.8584900175	4133026.799596878	0
402468.51069643855	4133026.7592831575	0
402468.2055511749	4133026.782240005	0
402467.8797760292	4133026.7711239774	0
402467.57546999777	4133026.736745929	0
402467.2163238808	4133026.7199154817	0
402466.8959808637	4133026.7521878197	0
402466.5803222935	4133026.7417431767	0
402466.2554626756	4133026.7388974135	0
402465.91343691864	4133026.7556668245	0
402465.57579043426	4133026.7909909184	0
402465.2450409214	4133026.8066922133	0
402464.91548159666	4133026.8287411667	0
402464.6074981967	4133026.8458310105	0
402464.28161623934	4133026.864858721	0
402463.8808136276	4133026.888090227	0
402463.55957033974	4133026.940282916	0
402463.2236938751	4133026.9966031043	0
402462.9098511029	4133027.02868471	0
402462.6058960235	4133027.067136854	0
402462.2430420198	4133027.10466585	0
402461.91883852845	4133027.166143508	0
402461.54527285486	4133027.239469619	0
402461.24172976427	4133027.290021987	0
402460.9337005905	4133027.3404599144	0
402460.5720215129	4133027.401830765	0
402460.24632265896	4133027.458372209	0
402459.87223818764	4133027.522817704	0
402459.5308075226	4133027.5779019278	0
402459.2080536161	4133027.647436231	0
402458.90805056493	4133027.708257764	0
402458.48013308365	4133027.796369644	0
402458.12162783684	4133027.860441302	0
402457.80989077495	4133027.920278639	0
402457.4789886747	4133027.985548113	0
402457.1220856004	4133028.055753799	0
402456.73889162985	4133028.1303235013	0
402456.438034086	4133028.1886273357	0
402456.0508270548	4133028.2637616103	0
402455.72030642437	4133028.327955337	0
402455.370162992	4133028.3960705725	0
402455.028152494	4133028.4625836336	0
402454.66964724485	4133028.5323315603	0
402454.11451724096	4133028.640287491	0
402453.7965088183	4133028.7020855886	0
402453.43052676204	4133028.773237322	0
402452.9830475125	4133028.860212419	0
402452.6871338173	4133028.917753313	0
402452.38264468184	4133028.9769421546	0
402452.07153323106	4133029.037427992	0
402451.76655581396	4133029.0967389066	0
402451.4573669706	4133029.1568585346	0
402451.0707855517	4133029.2320385915	0
402450.6077575961	4133029.322050185	0
402450.22845461895	4133029.395780653	0
402449.9256744664	4133029.454649062	0
402449.6258392615	4133029.5129681537	0
402449.30035403237	4133029.5762463524	0
402448.9961853317	4133029.6353894193	0
402448.6764221473	4133029.6975537245	0
402448.34967043856	4133029.7610760625	0
402448.0238647735	4133029.824415297	0
402447.5683594039	4133029.9129773113	0
402447.06782534596	4133030.010297868	0
402446.755447415	4133030.0710278456	0
402446.4197998325	4133030.1362896897	0
402445.9216766643	4133030.2331219637	0
402445.44039919775	4133030.3267041165	0
402444.9819488816	4133030.415830704	0
402444.54008486704	4133030.5019360487	0
402444.13143923745	4133030.5865460364	0
402443.74371340626	4133030.653028576	0
402443.3669586457	4133030.7034893935	0
402443.00056460244	4133030.7628308237	0
402442.6728821079	4133030.821882341	0
402442.2389374055	4133030.901228041	0
402441.8421631135	4133030.972410293	0
402441.45715334866	4133031.0411969125	0
402441.00050356804	4133031.11746034	0
402440.6774292282	4133031.163206192	0
402440.34527590603	4133031.216291519	0
402440.0145416544	4133031.272596449	0
402439.6613769805	4133031.332960222	0
402439.2997131619	4133031.393827533	0
402438.92668154615	4133031.4556866614	0
402438.5540008824	4133031.5170117333	0
402438.1742248813	4133031.5794354375	0
402437.7704162878	4133031.6460247952	0
402437.3650360392	4133031.713117691	0
402436.92590334907	4133031.7858715984	0
402436.4918823512	4133031.8577252342	0
402436.03816225927	4133031.932844256	0
402435.54331973096	4133032.0147076603	0
402435.1053009306	4133032.087141129	0
402434.795135526	4133032.138456438	0
402434.46810915857	4133032.1925793584	0
402434.1526184358	4133032.244764418	0
402433.69828799134	4133032.3199444762	0
402433.2538605015	4133032.3934918386	0
402432.82585146825	4133032.464292618	0
402432.4181976591	4133032.5317517244	0
402432.0364532755	4133032.5948925945	0
402431.6680603305	4133032.6558514526	0
402431.3072510044	4133032.715528579	0
402430.8574981977	4133032.7899304354	0
402430.5052795684	4133032.84818849	0
402430.16137698165	4133032.9051037733	0
402429.83659365604	4133032.9588452303	0
402429.41955569125	4133033.0278302175	0
402428.9219360624	4133033.110151382	0
402428.5359497357	4133033.174024672	0
402428.1375274932	4133033.2399273836	0
402427.73302462575	4133033.306882951	0
402427.3120880407	4133033.376524063	0
402427.0144119541	4133033.4257641733	0
402426.596824675	4133033.494855972	0
402426.1884918491	4133033.5624066303	0
402425.81682589557	4133033.6239148085	0
402425.44966128375	4133033.6846447918	0
402425.1087189005	4133033.7410565354	0
402424.7568664836	4133033.799253555	0
402424.4064331336	4133033.8572369497	0
402424.06063845486	4133033.9109173743	0
402423.6036224649	4133033.988416763	0
402423.1962204265	4133034.120237442	0
402422.90299227694	4133034.199827284	0
402422.5415115638	4133034.2683697673	0
402422.16403963906	4133034.398206802	0
402421.8802261634	4133034.5054455716	0
402421.5226440704	4133034.622953507	0
402421.24713137647	4133034.782209488	0
402420.9471359534	4133034.964048479	0
402420.6170273099	4133035.077802752	0
402420.3447723661	4133035.2325116126	0
402420.0581131269	4133035.4057904193	0
402419.7972336106	4133035.6148205716	0
402419.5214081081	4133035.7590771653	0
402419.30099490145	4133035.9856549194	0
402418.98368838296	4133036.191923231	0
402418.7233734423	4133036.42533693	0
402418.49492648116	4133036.6326886173	0
402418.20269778225	4133036.8490277254	0
402417.9589004798	4133037.037550062	0
402417.6954117103	4133037.2606030414	0
402417.5115356723	4133037.5042859046	0
402417.35234835587	4133037.764783949	0
402417.1271820339	4133037.9635144193	0
402416.93087771325	4133038.2027722313	0
402416.7122116367	4133038.4568310683	0
402416.5056152615	4133038.6921368563	0
402416.27145388635	4133038.9628125164	0
402416.0601730625	4133039.2044201796	0
402415.8244095134	4133039.4723645155	0
402415.67086794873	4133039.738569349	0
402415.54414370516	4133040.011442276	0
402415.37682345364	4133040.2756634676	0
402415.18196871725	4133040.5265026973	0
402415.0027771266	4133040.8024731595	0
402414.8692093182	4133041.100904553	0
402414.73465731536	4133041.382581802	0
402414.5743866248	4133041.6728344895	0
402414.4061432156	4133041.9825268695	0
402414.2614670087	4133042.288404553	0
402414.10188296216	4133042.6355420067	0
402413.9308090499	4133042.95130739	0
402413.81762698217	4133043.2319470397	0
402413.68445590034	4133043.5566998436	0
402413.54137423413	4133043.8517895644	0
402413.38597109675	4133044.1888409583	0
402413.2484131137	4133044.4963971106	0
402413.1014328278	4133044.8207837073	0
402412.9581985746	4133045.1234570476	0
402412.848960904	4133045.452665424	0
402412.7658081328	4133045.8193341224	0
402412.663528471	4133046.165128796	0
402412.5463714875	4133046.476240252	0
402412.4723434735	4133046.7672406165	0
402412.3965225497	4133047.063261123	0
402412.30493929866	4133047.3908215477	0
402412.2396316801	4133047.690488908	0
402412.2039718919	4133048.00192079	0
402412.1598282141	4133048.3431836064	0
402412.1301040938	4133048.648054212	0
402412.1075821206	4133048.963316054	0
402412.0780868818	4133049.2825604375	0
402412.0434723182	4133049.5824109036	0
402412.0960846228	4133049.882825943	0
402412.0486908236	4133050.1953412034	0
402412.08375552075	4133050.538038347	0
402412.0980911541	4133050.845350354	0
402412.126213102	4133051.146772473	0
402412.1442871378	4133051.4682751615	0
402412.1655731484	4133051.7811871488	0
402412.1860580725	4133052.1109906174	0
402412.211509732	4133052.4219036987	0
402412.3255386625	4133052.719144912	0
402412.34284213017	4133053.0464001596	0
402412.40291598294	4133053.3834668105	0
402412.5016708661	4133053.683500384	0
402412.5789261139	4133053.9893322913	0
402412.689933806	4133054.272184464	0
402412.8291549954	4133054.566312882	0
402412.9786911288	4133054.8291912987	0
402413.13222506584	4133055.0912610004	0
402413.2992859171	4133055.351896375	0
402413.4695892611	4133055.605131239	0
402413.6582031533	4133055.8639508197	0
402413.876525908	4133056.0810833895	0
402414.05487826373	4133056.34138307	0
402414.3002929961	4133056.5392132704	0
402414.5414429003	4133056.7277356097	0
402414.75675204326	4133056.95225343	0
402415.0735397624	4133057.1216259906	0
402415.33377840923	4133057.2749463073	0
402415.61706545815	4133057.447721571	0
402415.8913727089	4133057.5893841707	0
402416.15972903144	4133057.760938737	0
402416.42593386676	4133057.910062881	0
402416.6828995026	4133058.0682812645	0
402416.9616470615	4133058.1803265545	0
402417.283218413	4133058.265928364	0
402417.5530395795	4133058.42951784	0
402417.86782076786	4133058.494169327	0
402418.1776428496	4133058.6053906414	0
402418.51456454187	4133058.6789532606	0
402418.83718111995	4133058.7643567044	0
402419.15049746423	4133058.7833538977	0
402419.47540285933	4133058.8704205477	0
402419.7779236112	4133058.934644787	0
402420.1369018835	4133059.000730603	0
402420.48703768774	4133059.0735455463	0
402420.79212191503	4133059.1104412973	0
402421.12673953	4133059.141676038	0
402421.4979782397	4133059.188261126	0
402421.80691531097	4133059.240125746	0
402422.12904360646	4133059.288114637	0
402422.49260714534	4133059.337492081	0
402422.9186020168	4133059.3945752084	0
402423.22932436806	4133059.4342175405	0
402423.5382690716	4133059.4724255535	0
402423.8636627468	4133059.5234509395	0
402424.24576571473	4133059.6210003803	0
402424.533065825	4133059.742124647	0
402424.9090576463	4133059.9126721355	0
402425.2852325723	4133060.0305462787	0
402425.5747223173	4133060.1345196683	0
402425.87329104426	4133060.3011456453	0
402426.1836624421	4133060.5360852187	0
402426.45245364145	4133060.778501601	0
402426.78170779167	4133061.006010147	0
402427.07363131474	4133061.1725750887	0
402427.485321074	4133061.418195815	0
402427.8115845002	4133061.628019422	0
402428.06680300564	4133061.7960644686	0
402428.37500002846	4133062.0153637803	0
402428.62316897366	4133062.2310467674	0
402428.9034118941	4133062.5492230365	0
402429.0821228311	4133062.7981091435	0
402429.28118899255	4133063.0831128093	0
402429.4895782741	4133063.4466381944	0
402429.6770935331	4133063.790433974	0
402429.909149197	4133064.11750612	0
402430.09544375393	4133064.374876112	0
402430.2665710726	4133064.6984692533	0
402430.37408449966	4133065.030836195	0
402430.4501037876	4133065.3585492107	0
402430.5173950485	4133065.664198009	0
402430.5709533963	4133066.0067578265	0
402430.60108950536	4133066.3668194716	0
402430.60438540345	4133066.6873150775	0
402430.5799103057	4133067.0331555335	0
402430.5445404331	4133067.462446302	0
402430.5433960239	4133067.922727671	0
402430.5517883574	4133068.320737928	0
402430.53868105944	4133068.7503796527	0
402430.5010071077	4133069.0957318274	0
402430.4567566209	4133069.427396865	0
402430.3930053996	4133069.988737198	0
402430.3688659945	4133070.2907849266	0
402430.3354034702	4133070.804716204	0
402430.30215456896	4133071.16396913	0
402430.2511139205	4133071.5561352703	0
402430.1875458046	4133071.910398574	0
402430.11264040874	4133072.2139111487	0
402430.0211181926	4133072.547468276	0
402429.92356875417	4133072.964811414	0
402429.8796386994	4133073.2737408583	0
402429.8641815477	4133073.57766542	0
402429.8850555691	4133073.928373428	0
402429.90878298634	4133074.229230973	0
402429.8991394314	4133074.5943127577	0
402429.8599701216	4133074.9954663226	0
402429.8184051806	4133075.385786146	0
402429.78591921687	4133075.785307023	0
402429.7597809128	4133076.214826674	0
402429.73468020285	4133076.6260815584	0
402429.71507266106	4133077.0016461327	0
402429.71626284556	4133077.334913343	0
402429.7429962439	4133077.6442547743	0
402429.80711367616	4133077.9653149555	0
402429.89030459395	4133078.260099501	0
402430.03874209453	4133078.699766252	0
402430.15022280713	4133078.9826336796	0
402430.28973391384	4133079.2696515005	0
402430.44854739227	4133079.5360394414	0
402430.617050198	4133079.828550431	0
402430.77328494046	4133080.163068864	0
402430.9055786415	4133080.496473402	0
402431.0305176055	4133080.807447525	0
402431.18598940846	4133081.1067791893	0
402431.4130554476	4133081.411115736	0
402431.71348574664	4133081.7200299217	0
402431.97961428575	4133081.9833050654	0
402432.2609253208	4133082.22170839	0
402432.52999880764	4133082.4329663254	0
402432.8313598924	4133082.638319105	0
402433.1188812546	4133082.770612809	0
402433.42192080454	4133082.944395158	0
402433.69168093544	4133083.0849743797	0
402433.9877472208	4133083.199018569	0
402434.2989807418	4133083.327741715	0
402434.6012420942	4133083.3667584374	0
402434.9280395798	4133083.5016003535	0
402435.22436526325	4133083.604169938	0
402435.5613403592	4133083.60450563	0
402435.8547516146	4133083.6850262587	0
402436.1612243936	4133083.7227307265	0
402436.4647369662	4133083.71435365	0
402436.8236542023	4133083.7133923485	0
402437.1753387723	4133083.758649918	0
402437.5160827914	4133083.788740248	0
402437.87266543333	4133083.8076611473	0
402438.2377167028	4133083.7753582913	0
402438.541671781	4133083.7128735497	0
402438.86741640983	4133083.6315442026	0
402439.1582184127	4133083.549223037	0
402439.4560241991	4133083.4295025794	0
402439.7449035934	4133083.2728558453	0
402440.02160647436	4133083.14532289	0
402440.3351593294	4133083.055494397	0
402440.6033325476	4133082.874494641	0
402440.90707400296	4133082.6609173706	0
402441.20480349427	4133082.4721661513	0
402441.4724273966	4133082.333860489	0
402441.80426028284	4133082.150800794	0
402442.0807495401	4133081.9483776973	0
402442.34803774784	4133081.78545961	0
402442.60368349944	4133081.6205121	0
402442.83247378346	4133081.3919964726	0
402443.15657046315	4133081.1331463777	0
402443.42016604444	4133080.9424725496	0
402443.6675873091	4133080.751676653	0
402443.9095154099	4133080.559339614	0
402444.1893310833	4133080.3418103177	0
402444.47930910933	4133080.0888501126	0
402444.72052004805	4133079.909971329	0
402444.9692993438	4133079.6732312166	0
402445.20516970486	4133079.4722271874	0
402445.4205322554	4133079.1946240375	0
402445.67095950025	4133078.990415664	0
402445.9005890176	4133078.722837539	0
402446.05883791804	4133078.460386369	0
402446.30006411433	4133078.217176526	0
402446.51742556563	4133077.989927381	0
402446.711959866	4133077.7532788254	0
402446.8483734411	4133077.45506105	0
402447.0620270055	4133077.1639843886	0
402447.29760744923	4133076.8738842914	0
402447.5088348674	4133076.579969496	0
402447.6534729283	4133076.2649517963	0
402447.8245392118	4133076.0089245746	0
402447.9309234893	4133075.7216320946	0
402448.0296478554	4133075.408948991	0
402448.1955566696	4133075.1199475206	0
402448.28871157527	4133074.79113588	0
402448.35537722503	4133074.472639175	0
402448.47654726973	4133074.1435528737	0
402448.4780884066	4133073.8021832425	0
402448.53910830535	4133073.4994488666	0
402448.6310577672	4133073.1836377103	0
402448.69544985745	4133072.8709546044	0
402448.74327090126	4133072.5511609023	0
402448.7406921658	4133072.2510510376	0
402448.7872925078	4133071.945783706	0
402448.83708193636	4133071.633314224	0
402448.80993655184	4133071.28240785	0
402448.7584228786	4133070.96386537	0
402448.77593997034	4133070.616514292	0
402448.69897463726	4133070.265806291	0
402448.62290957395	4133069.9689618065	0
402448.60800173634	4133069.617353531	0
402448.5646057416	4133069.264906021	0
402448.51487734774	4133068.93285951	0
402448.4662475868	4133068.5743542607	0
402448.414489775	4133068.2438488915	0
402448.35826113715	4133067.9085369995	0
402448.3057098663	4133067.5241375854	0
402448.25814822246	4133067.177610489	0
402448.20527651696	4133066.8095990154	0
402448.1416168492	4133066.376783462	0
402448.0730743698	4133065.911451428	0
402448.0212402615	4133065.556638807	0
402447.9684143353	4133065.193571181	0
402447.9174957559	4133064.8339673	0
402447.87512209744	4133064.522565929	0
402447.8161468776	4133064.209394546	0
402447.75500491087	4133063.8744183495	0
402447.6996765428	4133063.5224133465	0
402447.6494598667	4133063.173246477	0
402447.59706118464	4133062.844236466	0
402447.543685941	4133062.528074355	0
402447.47492983757	4133062.1429730365	0
402447.4053650188	4133061.7701550475	0
402447.3176422409	4133061.2517987164	0
402447.24436953466	4133060.942411514	0
402447.15344241005	4133060.5953656137	0
402447.062164334	4133060.268110366	0
402446.9878540327	4133059.9064160297	0
402446.91441348096	4133059.5583325326	0
402446.83679202	4133059.2319622966	0
402446.7673492719	4133058.925825209	0
402446.704696684	4133058.628919691	0
402446.6355285923	4133058.298734754	0
402446.574752836	4133057.949277968	0
402446.502655057	4133057.62818727	0
402446.4218292512	4133057.2563610994	0
402446.34950259264	4133056.908796403	0
402446.2608032512	4133056.492490859	0
402446.2024841587	4133056.1724225003	0
402446.133422879	4133055.7633648803	0
402446.0523071565	4133055.366819472	0
402445.99011233315	4133055.064146134	0
402445.92980959883	4133054.7613049457	0
402445.8662262249	4133054.4344006493	0
402445.80490115046	4133054.1158734276	0
402445.7391968061	4133053.7753582913	0
402445.669906645	4133053.418607803	0
402445.5965271269	4133053.0422955463	0
402445.5174255649	4133052.637495131	0
402445.4382019313	4133052.2317334134	0
402445.3586273469	4133051.8236828786	0
402445.279632597	4133051.418241591	0
402445.2012939744	4133051.0160962064	0
402445.1161651896	4133050.5790844867	0
402445.0330353076	4133050.1526623694	0
402444.94760134607	4133049.714262097	0
402444.86145022395	4133049.272138686	0
402444.78921511536	4133048.9015942533	0
402444.72994997905	4133048.597486584	0
402444.661331204	4133048.245313735	0
402444.6031952187	4133047.9469586336	0
402444.5189667039	4133047.5147076556	0
402444.4334106724	4133047.075742812	0
402444.3499603549	4133046.6561871464	0
402444.2630920696	4133046.2022076556	0
402444.2049560821	4133045.8455792405	0
402444.15093997057	4133045.540311906	0
402444.07899478014	4133045.15643129	0
402444.0203094768	4133044.8469677875	0
402443.9498596473	4133044.4861432016	0
402443.8835296917	4133044.141706559	0
402443.8416900906	4133043.816145035	0
402443.7896576205	4133043.439359756	0
402443.7377777379	4133043.1401959374	0
402443.67956545716	4133042.8153973524	0
402443.62139895343	4133042.482023327	0
402443.5641174592	4133042.1408978417	0
402443.5082397731	4133041.801099866	0
402443.42256167426	4133041.2783795297	0
402443.37329104386	4133040.9804974496	0
402443.2972870144	4133040.5236035297	0
402443.22746279585	4133040.1048108037	0
402443.16442873824	4133039.7264691326	0
402443.0968323026	4133039.3200512826	0
402443.0344085974	4133038.944181531	0
402442.97018435464	4133038.557539077	0
402442.90328982275	4133038.154813856	0
402442.83772280626	4133037.760374159	0
402442.7700805935	4133037.353452773	0
402442.69943240116	4133036.928449721	0
402442.62739565683	4133036.495252699	0
402442.5530395796	4133036.0478650043	0
402442.50082400197	4133035.733594985	0
402442.44963076524	4133035.425794693	0
402442.3728027615	4133034.963590714	0
402442.316329984	4133034.623807998	0
402442.26588442666	4133034.3203412	0
402442.1965484908	4133033.903226942	0
402442.13804629253	4133033.5511761643	0
402442.06552126847	4133033.1149121253	0
402442.00077822583	4133032.725309462	0
402441.94990542415	4133032.419233414	0
402441.8967285443	4133032.0992718637	0
402441.8385925576	4133031.749555679	0
402441.78439333773	4133031.423414323	0
402441.7281341839	4133031.0848217937	0
402441.6710357942	4133030.7413464515	0
402441.6149750033	4133030.4028454735	0
402441.56539919856	4133030.085279558	0
402441.51046755794	4133029.753858656	0
402441.42355349474	4133029.325559705	0
402441.3399048129	4133028.899183366	0
402441.26837161044	4133028.5016156184	0
402441.1979522982	4133028.0984173724	0
402441.12652590766	4133027.691770649	0
402441.04962161096	4133027.2601910564	0
402440.99110415427	4133026.918722243	0
402440.90240481263	4133026.4790402367	0
402440.8302765171	4133026.1284085233	0
402440.7734527879	4133025.8294735868	0
402440.7172699254	4133025.525999163	0
402440.64793398697	4133025.1498471205	0
402440.5781708038	4133024.7756939833	0
402440.50428774685	4133024.384435746	0
402440.42822268454	4133023.983816236	0
402440.3499603559	4133023.5717678955	0
402440.2710724162	4133023.155462357	0
402440.18898013094	4133022.721311662	0
402440.1073761261	4133022.289365859	0
402440.0247497837	4133021.852064224	0
402439.9410248074	4133021.409177873	0
402439.8519439988	4133020.9380780174	0
402439.7705993926	4133020.5078946077	0
402439.71482851927	4133020.2128506615	0
402439.65898135025	4133019.917554946	0
402439.5679779341	4133019.4362317044	0
402439.5042419705	4133019.099165055	0
402439.4437713915	4133018.779447647	0
402439.38372805656	4133018.4619427654	0
402439.31810000417	4133018.114927384	0
402439.2368469526	4133017.685308548	0
402439.16972353944	4133017.330267041	0
402439.0894165318	4133016.9054928725	0
402438.98762515036	4133016.367323012	0
402438.8831482207	4133015.8148098905	0
402438.7928009324	4133015.336919874	0
402438.725448637	4133014.980703446	0
402438.6533966349	4133014.5995388925	0
402438.5618896758	4133014.115614028	0
402438.4598236374	4133013.575880138	0
402438.3554230017	4133013.023901076	0
402438.258377104	4133012.5105191204	0
402438.193985014	4133012.169881912	0
402438.1126404094	4133011.7397137606	0
402438.04263308574	4133011.3695736844	0
402437.9730072297	4133011.001249406	0
402437.9035492225	4133010.6339474665	0
402437.82887270895	4133010.238927931	0
402437.7564392368	4133009.855840775	0
402437.6848449978	4133009.4773312532	0
402437.5744018839	4133008.893240065	0
402437.5167389187	4133008.5882397606	0
402437.46061709314	4133008.2916546785	0
402437.3482513702	4133007.6972790677	0
402437.2691803253	4133007.279058551	0
402437.19511416333	4133006.8873654325	0
402437.08102419897	4133006.284063432	0
402437.0121765414	4133005.9201107942	0
402436.9345398226	4133005.509496781	0
402436.8655090617	4133005.1444836576	0
402436.7927093781	4133004.759580705	0
402436.71459963795	4133004.346639725	0
402436.6464538851	4133003.9862729055	0
402436.587982206	4133003.677106951	0
402436.4888153365	4133003.152822586	0
402436.4246521269	4133002.813467116	0
402436.35156252736	4133002.427076431	0
402436.27485659614	4133002.0215283358	0
402436.2039795201	4133001.6466809222	0
402436.131301909	4133001.2623578026	0
402436.0535278595	4133000.851156326	0
402435.9800567906	4133000.4626294104	0
402435.9214630413	4133000.1527768085	0
402435.86325076	4132999.8448239258	0
402435.7837982455	4132999.4248105	0
402435.7005462923	4132998.984479993	0
402435.61988833494	4132998.558027361	0
402435.53627016884	4132998.115842909	0
402435.4498749069	4132997.659010025	0
402435.3654327676	4132997.21246156	0
402435.2802887254	4132996.7622357304	0
402435.1930084513	4132996.300550549	0
402435.1123352336	4132995.8740139944	0
402435.03129580565	4132995.4455853454	0
402434.9493103317	4132995.0120221092	0
402434.8732910438	4132994.6100674593	0
402434.7969360625	4132994.2063504183	0
402434.7205353054	4132993.8023510887	0
402434.6044922165	4132993.1888028127	0
402434.5092163377	4132992.685003374	0
402434.44128420873	4132992.325788588	0
402434.3743133818	4132991.9717389075	0
402434.2812347698	4132991.4794903737	0
402434.2203064253	4132991.1572476355	0
402434.1640777872	4132990.8598462087	0
402434.1071930221	4132990.559187027	0
402434.02622988634	4132990.1311474773	0
402433.9471435819	4132989.7129727327	0
402433.87159731926	4132989.313451855	0
402433.80088808876	4132988.9396038954	0
402433.731918362	4132988.574827286	0
402433.6664734158	4132988.2288037273	0
402433.6025696087	4132987.8909054706	0
402433.54187014536	4132987.5699902503	0
402433.4843750273	4132987.26595125	0
402433.427902249	4132986.9673748934	0
402433.35800173774	4132986.5977307274	0
402433.2974396044	4132986.2775174133	0
402433.23164370557	4132985.929708572	0
402433.1674042025	4132985.5900326674	0
402433.1087036415	4132985.2795010535	0
402433.0496521281	4132984.967374894	0
402432.9764099391	4132984.580106827	0
402432.9078064239	4132984.2174817035	0
402432.84196474927	4132983.8693066556	0
402432.77735903615	4132983.5275860764	0
402432.7173004425	4132983.2100277855	0
402432.6583862578	4132982.8986111637	0
402432.58932498016	4132982.5332852304	0
402432.5140838901	4132982.1353894207	0
402432.4479217808	4132981.7856350895	0
402432.3762512497	4132981.406622024	0
402432.3032684611	4132981.0207653968	0
402432.24560549646	4132980.715841385	0
402432.1894989304	4132980.4191494896	0
402432.12409976026	4132980.0734616215	0
402432.06169131247	4132979.7433758676	0
402432.0022430704	4132979.4289837787	0
402431.9439544963	4132979.120740982	0
402431.86814883165	4132978.7188473684	0
402431.8081970505	4132978.383207411	0
402431.7220764437	4132978.064092727	0
402431.6459808625	4132977.674032304	0
402431.5188293743	4132977.356603713	0
402431.4173584273	4132977.0367108313	0
402431.33956911997	4132976.733717056	0
402431.24765017536	4132976.4320813124	0
402431.1563873567	4132976.128889174	0
402431.0558624557	4132975.8366452167	0
402430.8814697546	4132975.565038772	0
402430.71678164485	4132975.2913494995	0
402430.56234744005	4132975.003027052	0
402430.37409975927	4132974.769392104	0
402430.15538027656	4132974.5329266503	0
402429.9154358181	4132974.296621414	0
402429.66778567346	4132974.067922681	0
402429.45397952024	4132973.826093768	0
402429.1889496135	4132973.6445446936	0
402428.9320831584	4132973.471731277	0
402428.67530825536	4132973.268499466	0
402428.39079287567	4132973.141668412	0
402428.15219119086	4132972.9498883206	0
402427.86112215853	4132972.863691421	0
402427.5808639804	4132972.6636029226	0
402427.2769623093	4132972.5872097923	0
402426.96508028876	4132972.5087185833	0
402426.62266543234	4132972.4494610736	0
402426.31769564585	4132972.338392348	0
402425.9904098799	4132972.242574782	0
402425.66835787735	4132972.2407132136	0
402425.29846194224	4132972.234869094	0
402424.9988861355	4132972.2617093045	0
402424.6611099523	4132972.2257290804	0
402424.32388308586	4132972.24081239	0
402423.95391085476	4132972.2570935236	0
402423.63502505235	4132972.290792555	0
402423.29251864494	4132972.305219743	0
402422.96940615686	4132972.341726396	0
402422.6460876756	4132972.3629208533	0
402422.2800674725	4132972.38677034	0
402421.9383163731	4132972.412572951	0
402421.5488281541	4132972.439779373	0
402421.1797561935	4132972.4748593313	0
402420.79648592876	4132972.5287686326	0
402420.44989779464	4132972.564275833	0
402420.1436996739	4132972.591322038	0
402419.7951507846	4132972.638944718	0
402419.4445953647	4132972.7064343393	0
402419.06168368395	4132972.8031979534	0
402418.7394333158	4132972.8874722444	0
402418.4261246002	4132972.9407940847	0
402418.0779190343	4132973.0129757854	0
402417.70992281975	4132973.0963955857	0
402417.38241580053	4132973.1715527475	0
402417.0709533971	4132973.225515456	0
402416.77731325943	4132973.2925320584	0
402416.45711520175	4132973.3473950336	0
402416.1112442303	4132973.3828869755	0
402415.7893295563	4132973.4432202275	0
402415.43880465394	4132973.51102266	0
402415.03134921077	4132973.578779313	0
402414.67952731054	4132973.6354733403	0
402414.3547287258	4132973.688985917	0
402413.94145968475	4132973.75850496	0
402413.56330111553	4132973.822332473	0
402413.213790921	4132973.8809948857	0
402412.90512087836	4132973.932600109	0
402412.5926361376	4132973.984823319	0
402412.2226715373	4132974.0466977092	0
402411.8242264069	4132974.1134091304	0
402411.48812869133	4132974.1696988074	0
402411.1590347564	4132974.2248135544	0
402410.6806106844	4132974.3049221975	0
402410.3069839755	4132974.367475601	0
402409.995491057	4132974.41963014	0
402409.64367678657	4132974.4785214374	0
402409.26572420937	4132974.541807267	0
402408.84938814974	4132974.609609697	0
402408.4596100146	4132974.674146745	0
402408.11589816085	4132974.763120746	0
402407.7139663979	4132974.8417035043	0
402407.4084167769	4132974.896513078	0
402407.07192233077	4132975.0066739046	0
402406.75218203594	4132975.071561906	0
402406.45614626724	4132975.1873227074	0
402406.19969180046	4132975.3532315237	0
402405.9096222205	4132975.4433423025	0
402405.6019745154	4132975.5910168584	0
402405.334968594	4132975.732748122	0
402405.03804781806	4132975.881361096	0
402404.7494736002	4132976.0240231464	0
402404.50415804726	4132976.231191723	0
402404.2189331336	4132976.3703289954	0
402403.94983675855	4132976.5062237713	0
402403.7230911535	4132976.705526444	0
402403.4456177031	4132976.9196454035	0
402403.1935348784	4132977.089201066	0
402402.97071841167	4132977.302923294	0
402402.76560213976	4132977.533033461	0
402402.5101471218	4132977.732191176	0
402402.22006228473	4132977.9789334238	0
402402.03028109414	4132978.21680269	0
402401.80149844085	4132978.4179821913	0
402401.5899582197	4132978.654005143	0
402401.43434145796	4132978.9124661395	0
402401.20825198025	4132979.1441174485	0
402401.0509338653	4132979.433370683	0
402400.88896944944	4132979.68589601	0
402400.7439346601	4132979.9646054218	0
402400.5833816817	4132980.259214492	0
402400.40659335046	4132980.5306530925	0
402400.30784609774	4132980.8813076937	0
402400.2272415437	4132981.2085019094	0
402400.07062533323	4132981.521986099	0
402400.02597048826	4132981.856008621	0
402399.9033355991	4132982.1615200937	0
402399.81031802035	4132982.4473553626	0
402399.7846832549	4132982.7612210233	0
402399.67752840865	4132983.0767651503	0
402399.6583481113	4132983.376249405	0
402399.6231155668	4132983.702108476	0
402399.5914078041	4132984.0004940927	0
402399.5339966095	4132984.3525448744	0
402399.56851962017	4132984.693952651	0
402399.56776431017	4132985.016615004	0
402399.54567721393	4132985.34013948	0
402399.60899355833	4132985.650640583	0
402399.6368255886	4132985.960645766	0
402399.6859817793	4132986.280775159	0
402399.7633056932	4132986.5794354393	0
402399.8002624797	4132986.8815747243	0
402399.85286715545	4132987.1794110243	0
402399.91442111053	4132987.5294629065	0
402399.97127535776	4132987.8636456477	0
402400.04243472125	4132988.285001846	0
402400.1051559723	4132988.654607864	0
402400.16004183714	4132988.976888744	0
402400.21446993767	4132989.295950024	0
402400.2728042877	4132989.638021563	0
402400.3334732345	4132989.9940701425	0
402400.39727785916	4132990.368810746	0
402400.47809603636	4132990.8434735234	0
402400.54288485507	4132991.2240048344	0
402400.6128921798	4132991.6350995037	0
402400.6639099403	4132991.9346905644	0
402400.7143478681	4132992.2307797372	0
402400.7887878707	4132992.667898271	0
402400.8648834516	4132993.114721389	0
402400.9190445236	4132993.4327679607	0
402400.969894437	4132993.731397721	0
402401.02188113076	4132994.03659639	0
402401.07382204855	4132994.3416882483	0
402401.12835696206	4132994.661901564	0
402401.1817322054	4132994.9753552373	0
402401.2344818408	4132995.28510103	0
402401.2916870403	4132995.621038527	0
402401.35045626626	4132995.9661847074	0
402401.4100265781	4132996.3159848163	0
402401.4694214148	4132996.6648007343	0
402401.52732088947	4132997.004728409	0
402401.61418154713	4132997.514814468	0
402401.6999054229	4132998.018179032	0
402401.77733614796	4132998.4728604304	0
402401.83969118993	4132998.83901033	0
402401.900512724	4132999.196134659	0
402401.96002200176	4132999.554823014	0
402402.02420809615	4132999.951902481	0
402402.08609011647	4133000.2669430706	0
402402.1667175584	4133000.6518994286	0
402402.225471525	4133000.95150575	0
402402.3048858929	4133001.381925672	0
402402.3712768843	4133001.751524063	0
402402.425666838	4133002.053579418	0
402402.49266054947	4133002.4217968886	0
402402.5794220261	4133002.8930264423	0
402402.66899874626	4133003.3750668494	0
402402.75757601805	4133003.8509503333	0
402402.8163528722	4133004.1673336914	0
402402.8931351	4133004.581724256	0
402402.9477310453	4133004.8769207923	0
402403.02387240296	4133005.288923356	0
402403.0863113694	4133005.626752947	0
402403.16786959575	4133006.067655654	0
402403.2361755662	4133006.424650286	0
402403.2973327914	4133006.7648068424	0
402403.364868193	4133007.2016888596	0
402403.4231262487	4133007.5344296414	0
402403.48705294525	4133007.888044447	0
402403.5527038848	4133008.252531142	0
402403.62285616936	4133008.6460629446	0
402403.69072726154	4133009.030813311	0
402403.7533417033	4133009.3876858675	0
402403.83789828204	4133009.8692151024	0
402403.9004135404	4133010.2243329016	0
402403.95274355833	4133010.521116347	0
402404.0130768103	4133010.863103959	0
402404.11169436324	4133011.4218274094	0
402404.1769256884	4133011.7915478665	0
402404.23930361646	4133012.1451397846	0
402404.3145675935	4133012.5721417363	0
402404.3854980748	4133012.974432082	0
402404.443260222	4133013.302084061	0
402404.4971618938	4133013.6077786414	0
402404.5613479897	4133013.97173891	0
402404.62162020593	4133014.3135510394	0
402404.6797943403	4133014.64332399	0
402404.7682266526	4133015.144819347	0
402404.82752230647	4133015.481107805	0
402404.89044955204	4133015.8379574707	0
402404.9478531169	4133016.163518999	0
402405.00423434237	4133016.483244034	0
402405.05798342644	4133016.788076495	0
402405.12725832965	4133017.180906387	0
402405.18328860233	4133017.4985791165	0
402405.2492676056	4133017.8890515314	0
402405.31963351317	4133018.220441912	0
402405.39127352607	4133018.6056424086	0
402405.48058321903	4133019.108694168	0
402405.53945925564	4133019.429662796	0
402405.61790469155	4133019.8522320692	0
402405.67517092754	4133020.160711381	0
402405.7467499067	4133020.5482846205	0
402405.80115511955	4133020.843870255	0
402405.860221892	4133021.164968584	0
402405.9320602707	4133021.554884047	0
402405.98736575036	4133021.8546582223	0
402406.0470428759	4133022.1782132103	0
402406.10383608704	4133022.4862194997	0
402406.1587066942	4133022.7839337303	0
402406.24159243633	4133023.2335339505	0
402406.29666903534	4133023.532255262	0
402406.3686752598	4133023.922849746	0
402406.43291476247	4133024.271261306	0
402406.487930325	4133024.5696545583	0
402406.5597152999	4133024.959058854	0
402406.62675478833	4133025.322713945	0
402406.7002411172	4133025.741460895	0
402406.7570190722	4133026.039663406	0
402406.8712997718	4133026.3810940683	0
402406.93257906975	4133026.700391862	0
402407.0121383943	4133026.991666885	0
402407.12213900505	4133027.3034878667	0
402407.25534823467	4133027.603712173	0
402407.3962326327	4133027.8774701096	0
402407.4972458165	4133028.1776867835	0
402407.6755295091	4133028.425535295	0
402407.8218689251	4133028.728941056	0
402407.9869079867	4133028.992323014	0
402408.16583254817	4133029.266584487	0
402408.36931613006	4133029.501752946	0
402408.60032656515	4133029.7993908837	0
402408.8642654697	4133030.0194531414	0
402409.07275393396	4133030.2986432035	0
402409.3767395312	4133030.484495255	0
402409.63348391454	4133030.661390396	0
402409.86312869086	4133030.8718853905	0
402410.1630173014	4133030.9876385685	0
402410.4134750651	4133031.195875259	0
402410.7198944362	4133031.289228528	0
402410.9909057893	4133031.44192323	0
402411.30092623574	4133031.5616589505	0
402411.6012878699	4133031.61157045	0
402411.87236025714	4133031.7494183485	0
402412.22483065526	4133031.825040907	0
402412.5573425566	4133031.83057985	0
402412.8552322661	4133031.9022198673	0
402413.1922302536	4133031.9046765273	0
402413.5142288497	4133031.8887768695	0
402413.8604812913	4133031.9600811917	0
402414.21127322153	4133031.9120312654	0
402414.5233841216	4133031.8929120023	0
402414.8591690337	4133031.909284684	0
402415.1552658361	4133031.8381024315	0
402415.4581909464	4133031.812421889	0
402415.81730654597	4133031.7995434725	0
402416.17990878	4133031.7131634676	0
402416.4805755898	4133031.660123917	0
402416.82758334174	4133031.601530165	0
402417.203308134	4133031.546049209	0
402417.5665359772	4133031.485563372	0
402417.9391327193	4133031.4215222327	0
402418.3294754305	4133031.3552227924	0
402418.6380539219	4133031.303419205	0
402418.9824142733	4133031.245939347	0
402419.33731082006	4133031.1866131756	0
402419.6598205839	4133031.1325818026	0
402420.10668185144	4133031.057600115	0
402420.4798431671	4133030.9950390765	0
402420.8383026405	4133030.939298719	0
402421.1708908373	4133030.875455949	0
402421.49248507543	4133030.8057690593	0
402421.86112978845	4133030.736616226	0
402422.3216553018	4133030.656538102	0
402422.6381683623	4133030.6011639545	0
402422.9467621122	4133030.546140759	0
402423.3381500533	4133030.4750805832	0
402423.7370605761	4133030.4020214984	0
402424.1203689849	4133030.331831069	0
402424.5314407619	4133030.256879896	0
402424.9282989792	4133030.184782118	0
402425.3192520422	4133030.1138440077	0
402425.6884079252	4133030.0469036996	0
402425.9887085253	4133029.9901257483	0
402426.3816833779	4133029.92394838	0
402426.71200564416	4133029.86901674	0
402427.0203552516	4133029.814207168	0
402427.42421725235	4133029.741331191	0
402427.76020815823	4133029.6812573387	0
402428.08976748417	4133029.6230298015	0
402428.4712524702	4133029.556013199	0
402428.8706512726	4133029.4856854402	0
402429.31475832814	4133029.407240003	0
402429.6407623566	4133029.3496380765	0
402429.99600222637	4133029.2868634183	0
402430.343505888	4133029.2254925664	0
402430.6682281774	4133029.1681500366	0
402431.01829531626	4133029.106336685	0
402431.37010195595	4133029.0442639315	0
402431.72290041985	4133028.981947038	0
402432.08111575077	4133028.918714616	0
402432.42070010205	4133028.8587323152	0
402432.76931765606	4133028.7971936166	0
402433.094497709	4133028.739774796	0
402433.4985351853	4133028.6684399555	0
402433.8681183147	4133028.603208633	0
402434.22822573665	4133028.539625258	0
402434.56936648296	4133028.4793835618	0
402434.90010073694	4133028.420682999	0
402435.2118683147	4133028.360639665	0
402435.5581817913	4133028.312009901	0
402435.98507693206	4133028.261274427	0
402436.33059695165	4133028.198621844	0
402436.70939639036	4133028.138334363	0
402437.09138491575	4133028.1739788963	0
402437.4366913114	4133028.1666851975	0
402437.7853241249	4133028.1271649334	0
402438.1041260044	4133028.108564467	0
402438.43739321723	4133028.0929242056	0
402438.749847441	4133028.102491471	0
402439.0597992233	4133028.1214581444	0
402439.39353945595	4133028.1389447176	0
402439.71276858187	4133028.1760083153	0
402440.0710144314	4133028.1982556307	0
402440.3512115757	4133028.3057843163	0
402440.6508941939	4133028.3827191293	0
402441.0166931424	4133028.41399965	0
402441.3275604532	4133028.5068646404	0
402441.61505129805	4133028.6273785573	0
402441.9231262478	4133028.724729629	0
402442.22557070665	4133028.853742693	0
402442.5534210486	4133028.999479384	0
402442.8031006131	4133029.1808758713	0
402443.07646182086	4133029.3814068777	0
402443.3491821564	4133029.572614762	0
402443.68597414915	4133029.7659130986	0
402443.902175932	4133029.99993715	0
402444.10313418263	4133030.2464734055	0
402444.2946319859	4133030.4817944476	0
402444.46389773407	4133030.737302872	0
402444.62144473125	4133031.006422135	0
402444.7545318893	4133031.288801285	0
402444.96331789833	4133031.5676861727	0
402445.0776825235	4133031.8798962585	0
402445.15525820624	4133032.1839428856	0
402445.32612612634	4133032.487470717	0
402445.45500185876	4133032.792081923	0
402445.5108032507	4133033.122724627	0
402445.62156680145	4133033.4066754314	0
402445.6442108437	4133033.779615493	0
402445.71536257694	4133034.088178727	0
402445.7817535678	4133034.4206982558	0
402445.8649292265	4133034.7969037015	0
402445.9315338411	4133035.137006849	0
402445.9922790817	4133035.4501629784	0
402446.06013491534	4133035.813886732	0
402446.1142731004	4133036.136182876	0
402446.1850738815	4133036.497190565	0
402446.2545929225	4133036.8517743056	0
402446.3116607954	4133037.149610609	0
402446.3718109406	4133037.4680005037	0
402446.4342499052	4133037.7998181297	0
402446.4918518348	4133038.1053906367	0
402446.57075503195	4133038.5225354154	0
402446.64227297815	4133038.899686906	0
402446.71810915886	4133039.2992993277	0
402446.7923126503	4133039.6902600247	0
402446.8675995147	4133040.0875225966	0
402446.94352724997	4133040.4882641756	0
402447.0250091835	4133040.9185925433	0
402447.10684206855	4133041.350477309	0
402447.1933899212	4133041.8071270897	0
402447.26348879794	4133042.1769696185	0
402447.33232119563	4133042.5401745765	0
402447.40534976026	4133042.9256726233	0
402447.4686279577	4133043.259565446	0
402447.54692080524	4133043.6725903447	0
402447.6112671179	4133044.0122509925	0
402447.6905212689	4133044.430418105	0
402447.7859497348	4133044.9340496976	0
402447.8497314737	4133045.270673842	0
402447.9436340618	4133045.766126722	0
402448.0175628949	4133046.156263443	0
402448.07914736593	4133046.481260388	0
402448.1513061806	4133046.8620587303	0
402448.2112884802	4133047.1786175664	0
402448.3005676555	4133047.6497937143	0
402448.3932800564	4133048.138959975	0
402448.48397829983	4133048.6175366337	0
402448.5429077427	4133048.928602307	0
402448.62568667263	4133049.3654461806	0
402448.69552615134	4133049.733869644	0
402448.757598904	4133050.061460587	0
402448.817352324	4133050.3767529456	0
402448.8778991975	4133050.6961804326	0
402448.93800356856	4133051.013349622	0
402448.9976806932	4133051.328336808	0
402449.05662539403	4133051.63931093	0
402449.14437869075	4133052.1023541433	0
402449.23052981414	4133052.556943985	0
402449.314651518	4133053.0008984525	0
402449.39732363744	4133053.4370861948	0
402449.4817352578	4133053.882459731	0
402449.5664978312	4133054.329710101	0
402449.6504822062	4133054.7729626643	0
402449.733184843	4133055.209272476	0
402449.80790713173	4133055.6034832913	0
402449.8819732943	4133055.99433717	0
402449.9651336955	4133056.4333325364	0
402450.05178835784	4133056.8905316344	0
402450.1429291059	4133057.3713971125	0
402450.202407864	4133057.6852704007	0
402450.2607879918	4133057.9933300917	0
402450.32252505334	4133058.319044203	0
402450.3833465852	4133058.6399060204	0
402450.44500735245	4133058.9653454726	0
402450.50717165845	4133059.293256849	0
402450.56922915444	4133059.6208477933	0
402450.6320953653	4133059.9526043814	0
402450.7274170212	4133060.4555951054	0
402450.790206937	4133060.786924452	0
402450.8892059608	4133061.309415906	0
402450.9548187545	4133061.655607313	0
402451.0206451704	4133062.0030194237	0
402451.08943179063	4133062.3659192044	0
402451.15675356897	4133062.7211895916	0
402451.271835355	4133063.3283978403	0
402451.3426971711	4133063.7023449857	0
402451.40029910003	4133064.0062848013	0
402451.4888000769	4133064.4732190063	0
402451.55999758665	4133064.848981946	0
402451.66812136606	4133065.4195538494	0
402451.72555544775	4133065.722593399	0
402451.8107757841	4133066.1723614642	0
402451.88391116034	4133066.558302015	0
402451.94081118645	4133066.8586255033	0
402452.0278015418	4133067.317777721	0
402452.0961609179	4133067.678495499	0
402452.19229128805	4133068.185682389	0
402452.285461453	4133068.6774578993	0
402452.37454226374	4133069.14774904	0
402452.4582672389	4133069.589552016	0
402452.5281219769	4133069.958128064	0
402452.58692934836	4133070.2685833876	0
402452.6584015175	4133070.6457196213	0
402452.7283935822	4133071.015119643	0
402452.79808047356	4133071.3829327542	0
402452.8652801799	4133071.7375164935	0
402452.9284363085	4133072.0709057776	0
402453.0033264449	4133072.465955825	0
402453.07168581936	4133072.826765148	0
402453.13793948095	4133073.1764203017	0
402453.2043457319	4133073.5269452054	0
402453.2617340361	4133073.829649064	0
402453.3329925817	4133074.205686661	0
402453.4073181436	4133074.597791765	0
402453.4819336222	4133074.9915905893	0
402453.5599823281	4133075.4035016033	0
402453.62942507665	4133075.7699719383	0
402453.701568632	4133076.1507397583	0
402453.7705841342	4133076.5148297255	0
402453.84335330024	4133076.8988934457	0
402453.9192352586	4133077.2995129544	0
402453.9927215868	4133077.687254041	0
402454.0639343547	4133078.0629712055	0
402454.1385040555	4133078.456556411	0
402454.2156982693	4133078.863920305	0
402454.2894745151	4133079.2532483027	0
402454.3603363323	4133079.6272259667	0
402454.4560699742	4133080.13236818	0
402454.51475527685	4133080.4420453026	0
402454.5765991493	4133080.7684308	0
402454.6361542039	4133081.082563491	0
402454.7138061797	4133081.4692059467	0
402454.77691653307	4133081.772184464	0
402454.8101043986	4133082.078168962	0
402454.79899600067	4133082.3949414184	0
402454.79045107693	4133082.6979351956	0
402454.8300018597	4133083.07929811	0
402454.85855105385	4133083.4105816777	0
402454.8190613084	4133083.770063491	0
402454.73010256654	4133084.1068097036	0
402454.63447573525	4133084.3948498676	0
402454.51512148767	4133084.708173844	0
402454.46632388025	4133085.0082837087	0
402454.412475615	4133085.3220959627	0
402454.3424530313	4133085.617033098	0
402454.2491150183	4133085.991331191	0
402454.1351471229	4133086.2908459622	0
402453.96310427674	4133086.5911389315	0
402453.79209902795	4133086.8414288475	0
402453.62533572194	4133087.150159925	0
402453.4933777138	4133087.5005017235	0
402453.36358645314	4133087.7732068007	0
402453.16738894494	4133088.0040875375	0
402452.95677187864	4133088.264463518	0
402452.73594668333	4133088.530408951	0
402452.5516662883	4133088.7806836083	0
402452.3105621629	4133088.994840713	0
402452.0694732949	4133089.1990185697	0
402451.8465729037	4133089.4167309706	0
402451.56431582425	4133089.629072282	0
402451.268508939	4133089.7958355867	0
402451.02511599514	4133090.0122204702	0
402450.79261782486	4133090.217786879	0
402450.47436526255	4133090.3857403677	0
402450.197418242	4133090.542463393	0
402449.9344940473	4133090.70805177	0
402449.5665588664	4133090.8484021155	0
402449.2792511263	4133091.00179872	0
402448.9359741494	4133091.0712719876	0
402448.6162109666	4133091.179243176	0
402448.3367004665	4133091.306440442	0
402448.0347442905	4133091.4253064087	0
402447.68910220056	4133091.536588759	0
402447.37179568247	4133091.6194439856	0
402447.06105044286	4133091.6880780174	0
402446.7760315212	4133091.7822400047	0
402446.45471194317	4133091.8616925175	0
402446.1260986605	4133091.9051648076	0
402445.8166656776	4133091.977384658	0
402445.49711611785	4133092.0552197415	0
402445.16067507706	4133092.126478287	0
402444.8091583526	4133092.1995678847	0
402444.42706301564	4133092.280607314	0
402444.1228332801	4133092.3461743295	0
402443.8064575479	4133092.4146557786	0
402443.46820071235	4133092.487745379	0
402443.11122134235	4133092.56457338	0
402442.66682436806	4133092.6600323655	0
402442.1862488068	4133092.763197037	0
402441.7781677528	4133092.850843519	0
402441.3838043497	4133092.9356060945	0
402441.0100097929	4133093.015974137	0
402440.6333923624	4133093.096952529	0
402440.2353973663	4133093.1824933034	0
402439.8508911424	4133093.264936536	0
402439.43742373516	4133093.3536969135	0
402439.0203705122	4133093.4433117807	0
402438.58961489645	4133093.5356274573	0
402438.16232302634	4133093.6284314096	0
402437.78208926093	4133093.7093945458	0
402437.399765042	4133093.7908459613	0
402437.04611208884	4133093.8655835115	0
402436.70326235786	4133093.9390240586	0
402436.2179870882	4133094.043089004	0
402435.8633423138	4133094.1191235483	0
402435.5660095498	4133094.1831189115	0
402435.19139101956	4133094.2680188124	0
402434.8222351349	4133094.3459759667	0
402434.45593264606	4133094.4220715463	0
402433.9780884071	4133094.5214520446	0
402433.65153506154	4133094.590162367	0
402433.3211365018	4133094.6602765047	0
402432.98744204507	4133094.731458753	0
402432.6065216343	4133094.8133526742	0
402432.1399536412	4133094.9190045316	0
402431.8240051551	4133094.979169935	0
402431.4065552029	4133095.045377821	0
402431.0169830597	4133095.1206646916	0
402430.65257265925	4133095.185804456	0
402430.3011474892	4133095.2305737445	0
402429.9662018112	4133095.281690685	0
402429.64254763443	4133095.3396283113	0
402429.33439639106	4133095.399793716	0
402428.949432401	4133095.458005995	0
402428.6312256132	4133095.4846631	0
402428.25459292415	4133095.5300427396	0
402427.8873138712	4133095.5687237703	0
402427.58323672134	4133095.6108838003	0
402427.280288724	4133095.657102675	0
402426.9041900926	4133095.7000103923	0
402426.56395724264	4133095.7259045583	0
402426.2306442548	4133095.737028211	0
402425.92533114355	4133095.7533398583	0
402425.5369797044	4133095.785017102	0
402425.15945437294	4133095.7774792644	0
402424.77560427727	4133095.802961438	0
402424.4075470248	4133095.795606703	0
402424.0375442797	4133095.7802258483	0
402423.73013308406	4133095.7080670297	0
402423.37255862233	4133095.6886578505	0
402423.0567627232	4133095.659467787	0
402422.75899508473	4133095.5602856595	0
402422.45632937364	4133095.50398073	0
402422.1305389689	4133095.4378643953	0
402421.8180313381	4133095.3471966693	0
402421.53621676477	4133095.242872329	0
402421.201843289	4133095.155241101	0
402420.89205172413	4133095.072431656	0
402420.6113815587	4133094.9310437166	0
402420.30928805383	4133094.8447247455	0
402420.0196228298	4133094.741560074	0
402419.7414932527	4133094.623136609	0
402419.4902267732	4133094.4467602647	0
402419.21849825815	4133094.280744642	0
402418.9355545323	4133094.1396771385	0
402418.68402102374	4133093.896207897	0
402418.3949356368	4133093.737226577	0
402418.1708450605	4133093.491270156	0
402417.9507522859	4133093.2770062406	0
402417.7384949004	4133093.051511855	0
402417.5175018603	4133092.80068788	0
402417.28447726177	4133092.587690447	0
402417.12257388094	4133092.303251354	0
402416.8872833522	4133092.05599794	0
402416.69844821014	4133091.7878704956	0
402416.5767288494	4133091.5103589003	0
402416.3867874427	4133091.2701245258	0
402416.20671847335	4133090.9951458867	0
402416.12478640454	4133090.698453994	0
402415.9640045451	4133090.388776872	0
402415.821067838	4133090.0593090984	0
402415.76396944874	4133089.7145367577	0
402415.6302032756	4133089.4450055095	0
402415.5082931799	4133089.11933717	0
402415.40451052587	4133088.8106213524	0
402415.2930221846	4133088.5014782865	0
402415.1909637743	4133088.179029556	0
402415.10364535335	4133087.8400708158	0
402415.0331039719	4133087.537946791	0
402414.94031527574	4133087.220975966	0
402414.87342074345	4133086.9191113426	0
402414.7910309119	4133086.6101666437	0
402414.69432833523	4133086.2638989403	0
402414.62471011054	4133085.9478283855	0
402414.5497055346	4133085.6076641954	0
402414.47846987774	4133085.2610455495	0
402414.4004516893	4133084.94267091	0
402414.3413772861	4133084.608411881	0
402414.28472903115	4133084.28884706	0
402414.2160492224	4133083.9710675175	0
402414.1468811309	4133083.62905702	0
402414.0806350994	4133083.289777845	0
402414.0170440949	4133082.9650708153	0
402413.95209506	4133082.6368237427	0
402413.89078524546	4133082.327863785	0
402413.80415347125	4133081.890607926	0
402413.7438507363	4133081.585737318	0
402413.67960360466	4133081.2607556307	0
402413.61458590365	4133080.931913466	0
402413.547203093	4133080.5911999666	0
402413.4795227343	4133080.249021621	0
402413.4123001375	4133079.909284683	0
402413.3459396637	4133079.573835463	0
402413.2654724408	4133079.1741925185	0
402413.1868896763	4133078.756956192	0
402413.1302032748	4133078.4189740135	0
402413.065277128	4133078.103620617	0
402413.01235964743	4133077.7739697415	0
402412.9565124792	4133077.4196606562	0
402412.8952637006	4133077.089033216	0
402412.8404159827	4133076.7934704735	0
402412.77783968864	4133076.445493787	0
402412.7250290187	4133076.1454297	0
402412.67312624876	4133075.8478680565	0
402412.59725192015	4133075.414564224	0
402412.5269623074	4133075.016386123	0
402412.467559843	4133074.6806317293	0
402412.40489962435	4133074.3264447157	0
402412.34135439765	4133073.966810315	0
402412.28208163125	4133073.630964371	0
402412.22414401086	4133073.3025952294	0
402412.1676254562	4133072.982359025	0
402412.10951998754	4133072.6532116826	0
402412.05112460116	4133072.322401135	0
402411.9927292142	4133071.9917279193	0
402411.9340820599	4133071.659498306	0
402411.87513735675	4133071.3256360013	0
402411.8139801314	4133070.9792309697	0
402411.7296448033	4133070.501493543	0
402411.6641769688	4133070.13059816	0
402411.5989151282	4133069.7610150287	0
402411.5393829634	4133069.42381105	0
402411.479873685	4133069.086805436	0
402411.4229584016	4133068.758970351	0
402411.37019350845	4133068.4524365375	0
402411.2889633455	4133068.0659924434	0
402411.21877291566	4133067.690672012	0
402411.1562042513	4133067.337476822	0
402411.09377291705	4133066.992445082	0
402411.0345382977	4133066.672651382	0
402410.96965792676	4133066.3249951317	0
402410.90258791874	4133065.9644146883	0
402410.8477402022	4133065.667966935	0
402410.79041293066	4133065.3576031635	0
402410.7094345368	4133064.9192791875	0
402410.64819338644	4133064.588132949	0
402410.58094027505	4133064.2247754037	0
402410.51189425436	4133063.8516217186	0
402410.4398422529	4133063.4621869046	0
402410.3666153243	4133063.06645021	0
402410.2964172641	4133062.6870099003	0
402410.2304458907	4133062.3264142	0
402410.16798403667	4133061.9781933767	0
402410.09954073816	4133061.663801281	0
402410.01747897075	4133061.2631360004	0
402409.95169833174	4133060.9170971815	0
402409.8798218056	4133060.5361309946	0
402409.8017502114	4133060.1276532128	0
402409.73565676645	4133059.786558244	0
402409.6676636018	4133059.437513443	0
402409.59571841295	4133059.0680371234	0
402409.53606417653	4133058.760938733	0
402409.4728012363	4133058.434537976	0
402409.4139557169	4133058.1305523817	0
402409.3405380531	4133057.7512494037	0
402409.2753219876	4133057.414518446	0
402409.1888962072	4133056.9684124934	0
402409.1207351962	4133056.6167584388	0
402409.03583529487	4133056.178739641	0
402408.9569778723	4133055.7718640296	0
402408.87748721166	4133055.3616772615	0
402408.7997513104	4133054.9604931786	0
402408.72611239407	4133054.580579848	0
402408.6511764807	4133054.193861098	0
402408.5740661905	4133053.7959423997	0
402408.49631503125	4133053.394743057	0
402408.4226608568	4133053.0147076542	0
402408.3478241259	4133052.628446669	0
402408.2719574256	4133052.2368908837	0
402408.1960678374	4133051.845441908	0
402408.11782839696	4133051.4416943495	0
402408.04117586964	4133051.046186539	0
402407.9810791288	4133050.7360363924	0
402407.91688540316	4133050.4047985966	0
402407.85619357124	4133050.0916577303	0
402407.7966308883	4133049.784269423	0
402407.70545199385	4133049.313856215	0
402407.6403808871	4133048.97811708	0
402407.5625534336	4133048.5765515286	0
402407.4828110025	4133048.1649609497	0
402407.4147796903	4133047.813871476	0
402407.3497925087	4133047.4785900996	0
402407.26834872295	4133047.0583172753	0
402407.1867828643	4133046.637540905	0
402407.1023178381	4133046.2016888564	0
402407.00481417537	4133045.698469253	0
402406.9137268351	4133045.2284527733	0
402406.83837893547	4133044.8395977914	0
402406.77310183406	4133044.502866836	0
402406.69226077077	4133044.0857220585	0
402406.6264725019	4133043.746351334	0
402406.5586624424	4133043.3964367807	0
402406.4749985018	4133042.9646893484	0
402406.39574435115	4133042.555708025	0
402406.31343844335	4133042.1309796292	0
402406.2278290083	4133041.6892529465	0
402406.1427536298	4133041.2502728426	0
402406.08293154684	4133040.941694351	0
402406.0197067538	4133040.615400406	0
402405.9598312662	4133040.306409925	0
402405.89882662636	4133039.991621109	0
402405.8374328902	4133039.674741833	0
402405.74865725375	4133039.216611957	0
402405.6886596966	4133038.9070416363	0
402405.62760165194	4133038.5920391977	0
402405.56650546007	4133038.276807875	0
402405.5083008092	4133037.976438614	0
402405.44434359565	4133037.646391005	0
402405.3791504187	4133037.309888932	0
402405.2826767258	4133036.8121472313	0
402405.19667056104	4133036.368299577	0
402405.1172256744	4133035.9583874634	0
402405.0503616625	4133035.613325208	0
402404.9871444976	4133035.2871380756	0
402404.89740755956	4133034.824094867	0
402404.83519747783	4133034.5030499427	0
402404.77291110024	4133034.181684583	0
402404.7127151769	4133033.871061417	0
402404.62076571333	4133033.3965741084	0
402404.5250473302	4133032.9026776263	0
402404.446876555	4133032.499250503	0
402404.36079409614	4133032.0550671523	0
402404.2899627974	4133031.6895276024	0
402404.23274996603	4133031.3942242567	0
402404.1324692046	4133030.876859754	0
402404.06042483356	4133030.5051251375	0
402403.9846725744	4133030.114317033	0
402403.90899660945	4133029.7238598797	0
402403.8515396409	4133029.4274426415	0
402403.76704409666	4133028.991392227	0
402403.6875458051	4133028.5811444214	0
402403.621803312	4133028.241926283	0
402403.56266787485	4133027.9367810227	0
402403.4915695473	4133027.5698910696	0
402403.4336471836	4133027.2710019075	0
402403.3572845729	4133026.8769513094	0
402403.2991028118	4133026.576704116	0
402403.2236175812	4133026.187223525	0
402403.16461947496	4133025.8827572805	0
402403.0975647253	4133025.549169632	0
402403.0344009679	4133025.190755937	0
402402.97666171065	4133024.846136185	0
402402.90792849526	4133024.4881573645	0
402402.8329010281	4133024.095243546	0
402402.77529147186	4133023.786901563	0
402402.71592715126	4133023.466283888	0
402402.6536407758	4133023.1286450354	0
402402.58966830303	4133022.7824002234	0
402402.52148440393	4133022.4146176293	0
402402.456298856	4133022.063726517	0
402402.3876114171	4133021.694128128	0
402402.3295975004	4133021.381887527	0
402402.25289919745	4133020.968824478	0
402402.18713381817	4133020.614576432	0
402402.10765078553	4133020.186231705	0
402402.0294876373	4133019.7650662367	0
402401.9619827553	4133019.4013730017	0
402401.8828583048	4133018.97510347	0
402401.8274841581	4133018.6767865135	0
402401.74633028975	4133018.239553543	0
402401.68888094963	4133017.9301358187	0
402401.63002017036	4133017.6130200354	0
402401.54467776295	4133017.1532422034	0
402401.4855881021	4133016.8349209763	0
402401.3944320966	4133016.3437710716	0
402401.2779999062	4133015.7165051396	0
402401.2225418367	4133015.4177380507	0
402401.1496506014	4133015.0250607464	0
402401.0884857449	4133014.695570084	0
402401.0272217073	4133014.3654919555	0
402400.9661636631	4133014.036459059	0
402400.873779326	4133013.5387631366	0
402400.78123476915	4133013.040220351	0
402400.71735384804	4133012.6961270315	0
402400.65117648157	4133012.339628308	0
402400.58642581	4133011.9908047663	0
402400.4903412142	4133011.473112196	0
402400.42375948915	4133011.1143704373	0
402400.358871489	4133010.7648068382	0
402400.2925033847	4133010.4073162964	0
402400.22824099514	4133010.0610333392	0
402400.1610489163	4133009.698995685	0
402400.1004562648	4133009.3725720374	0
402400.01059725805	4133008.8884945856	0
402399.9382019317	4133008.498457047	0
402399.8626327788	4133008.0912762578	0
402399.7891464518	4133007.695409864	0
402399.70740511775	4133007.2549801753	0
402399.6525802905	4133006.9596692096	0
402399.5949173253	4133006.648977371	0
402399.5115814489	4133006.199995133	0
402399.4549637125	4133005.8949871976	0
402399.3828811921	4133005.5066357586	0
402399.31105044234	4133005.1195889404	0
402399.25594332616	4133004.8226834256	0
402399.199523954	4133004.5187359746	0
402399.1152420327	4133004.064687819	0
402399.05609133746	4133003.746030898	0
402398.9981613437	4133003.433981031	0
402398.9431762968	4133003.1377850487	0
402398.87046816817	4133002.745985121	0
402398.7877502728	4133002.3003369276	0
402398.7288437162	4133001.982961746	0
402398.6634598059	4133001.630697342	0
402398.5737457566	4133001.147390456	0
402398.5124740893	4133000.817304702	0
402398.42480471585	4133000.345045179	0
402398.3667068754	4133000.032117932	0
402398.30702212267	4132999.710485547	0
402398.2214889799	4132999.249570938	0
402398.1656570715	4132998.9488202054	0
402398.08786776435	4132998.5296841557	0
402398.0125656411	4132998.1240597703	0
402397.952667264	4132997.801443193	0
402397.89620974514	4132997.4973584153	0
402397.82830050384	4132997.1314373924	0
402397.76412203815	4132996.7856274564	0
402397.69197848276	4132996.3968411433	0
402397.62898257305	4132996.0574398953	0
402397.56932070723	4132995.7360287607	0
402397.50886538514	4132995.4102993924	0
402397.4439773846	4132995.060712909	0
402397.3809891017	4132994.7214108417	0
402397.30017855554	4132994.2860699594	0
402397.22068789386	4132993.8577481247	0
402397.1457748689	4132993.454168413	0
402397.08605959767	4132993.13237581	0
402397.00427248806	4132992.6918011624	0
402396.9395675943	4132992.343145464	0
402396.8755493442	4132991.998167128	0
402396.8009186068	4132991.596105666	0
402396.72007754317	4132991.160482497	0
402396.66004183627	4132990.8369580237	0
402396.5988998704	4132990.5075512836	0
402396.5246429733	4132990.1074200585	0
402396.4575271892	4132989.7458477938	0
402396.3921966826	4132989.3939495995	0
402396.3138199141	4132988.9729519784	0
402396.2337112704	4132988.5700360243	0
402396.1775589282	4132988.2421933133	0
402396.1268387127	4132987.838689896	0
402396.08759310754	4132987.5014401395	0
402396.04650881735	4132987.104513262	0
402396.01008608675	4132986.799238295	0
402395.97463229153	4132986.4589062636	0
402395.9674377728	4132986.154348466	0
402395.987197903	4132985.7822628915	0
402395.97385409323	4132985.431577773	0
402395.9387436187	4132985.059385392	0
402395.9404449749	4132984.749677748	0
402395.93364718405	4132984.396810621	0
402395.95602419844	4132984.0052395766	0
402396.0168686197	4132983.689443683	0
402396.0259247108	4132983.382375811	0
402396.0297699254	4132983.0737210214	0
402396.1253509792	4132982.7268963796	0
402396.1615982334	4132982.417478653	0
402396.1874161053	4132982.112875075	0
402396.30696871696	4132981.8214016883	0
402396.3557968414	4132981.5072537395	0
402396.44330599724	4132981.2124157865	0
402396.5113907148	4132980.899381728	0
402396.5844040202	4132980.5832882863	0
402396.65939333773	4132980.260183426	0
402396.78610232315	4132979.968130201	0
402396.8928909591	4132979.6169873183	0
402397.0332489292	4132979.3266430832	0
402397.15347292775	4132978.977003188	0
402397.306732206	4132978.717451186	0
402397.46666720277	4132978.454336258	0
402397.5791321071	4132978.152433487	0
402397.7945251741	4132977.925787064	0
402397.9384613312	4132977.6509991586	0
402398.15836337104	4132977.387807938	0
402398.3597488686	4132977.066907976	0
402398.53696444386	4132976.791578384	0
402398.73209383973	4132976.4917355506	0
402398.97751620185	4132976.232664201	0
402399.21917727357	4132976.0331250154	0
402399.395835905	4132975.7838803274	0
402399.60150912276	4132975.510915848	0
402399.85925295705	4132975.356069656	0
402400.08730318886	4132975.131559465	0
402400.28655245755	4132974.899541947	0
402400.5113067899	4132974.6724987947	0
402400.7736053739	4132974.5102978656	0
402401.0317077928	4132974.3339520395	0
402401.253990202	4132974.108335586	0
402401.540046719	4132973.993276689	0
402401.80327609065	4132973.8034802387	0
402402.06511691	4132973.602056595	0
402402.3788986496	4132973.3914929354	0
402402.7020645427	4132973.171735854	0
402403.00338747946	4132973.018095107	0
402403.3216400438	4132972.9366284334	0
402403.63584902656	4132972.771696181	0
402403.897659329	4132972.6153851463	0
402404.27469637885	4132972.547803969	0
402404.65798952983	4132972.410162065	0
402404.9410476961	4132972.3107663104	0
402405.2521820349	4132972.2401181194	0
402405.6069183628	4132972.1268216115	0
402405.9149093919	4132972.023466199	0
402406.2576751994	4132971.9675579965	0
402406.5642624174	4132971.9089566176	0
402406.8651962553	4132971.8334103553	0
402407.21356966975	4132971.7450467087	0
402407.53430178564	4132971.67328462	0
402407.83962252666	4132971.604696366	0
402408.1650772374	4132971.529890151	0
402408.5264587694	4132971.445966813	0
402408.8530731483	4132971.3697186424	0
402409.2038116732	4132971.292448138	0
402409.54034426634	4132971.2199917766	0
402409.83374789177	4132971.151945208	0
402410.2020798011	4132971.0678235013	0
402410.5998001379	4132970.9783612206	0
402410.9915924347	4132970.8904629666	0
402411.3382492352	4132970.8087521526	0
402411.6610946942	4132970.744550797	0
402412.0336914346	4132970.674825759	0
402412.3952331834	4132970.594404313	0
402412.73926547065	4132970.5184689485	0
402413.0432281764	4132970.4530163705	0
402413.35865786514	4132970.3860302884	0
402413.70148470753	4132970.3135052645	0
402414.058685331	4132970.2378903367	0
402414.3578796659	4132970.174329849	0
402414.7349396035	4132970.093969435	0
402415.06050875725	4132970.0245266897	0
402415.37761690945	4132969.956243605	0
402415.6841430955	4132969.8881665193	0
402416.07698061975	4132969.814695447	0
402416.4119873323	4132969.750471206	0
402416.7058487212	4132969.6899548504	0
402417.001190213	4132969.628347487	0
402417.45178225386	4132969.534635631	0
402417.8110809612	4132969.4606610253	0
402418.1970901767	4132969.3800259545	0
402418.62365725497	4132969.2931195186	0
402418.9731369311	4132969.2371960636	0
402419.3413086221	4132969.171484085	0
402419.708000212	4132969.09961519	0
402420.08736422396	4132969.0239621103	0
402420.47774508374	4132968.947279069	0
402420.8837204272	4132968.8690548874	0
402421.2570114415	4132968.7978497474	0
402421.6569443023	4132968.7217846834	0
402422.0507583906	4132968.6466275183	0
402422.43658450036	4132968.5727139413	0
402422.83139803854	4132968.496908282	0
402423.22161868133	4132968.4219723674	0
402423.62775423843	4132968.3440609872	0
402424.0654144569	4132968.2601605346	0
402424.5361023238	4132968.1699429434	0
402424.9647217087	4132968.0877896245	0
402425.3939285558	4132968.0055142376	0
402425.69464114134	4132967.9478589026	0
402426.1226578034	4132967.8657971323	0
402426.4197845745	4132967.806318375	0
402426.8142929361	4132967.733022782	0
402427.1261291788	4132967.6834011995	0
402427.44235995295	4132967.629247755	0
402427.951644925	4132967.5357495234	0
402428.27754214284	4132967.4749508835	0
402428.6143493936	4132967.412450882	0
402428.99423220556	4132967.3426876967	0
402429.37448122876	4132967.2735119807	0
402429.76097109856	4132967.2034893935	0
402430.1620331097	4132967.1307278606	0
402430.5467529588	4132967.060735793	0
402430.9450683864	4132966.9881344745	0
402431.2958984667	4132966.9241620023	0
402431.64956667856	4132966.859685991	0
402432.07162478304	4132966.782774063	0
402432.4856872835	4132966.707357495	0
402432.87443545216	4132966.636571976	0
402433.2635345749	4132966.5657177884	0
402433.6588440221	4132966.4937039334	0
402434.04277041496	4132966.423757646	0
402434.41375735187	4132966.356161209	0
402434.77252200025	4132966.2908154475	0
402435.16882327065	4132966.2186413715	0
402435.48802187934	4132966.1592312786	0
402435.7936401656	4132966.099462601	0
402436.1752014452	4132966.0521222064	0
402436.5470428744	4132966.001119708	0
402436.8665008835	4132965.945814224	0
402437.20356753294	4132965.8864804236	0
402437.55441287026	4132965.8274517967	0
402437.9201965624	4132965.7679425175	0
402438.3040008816	4132965.706541152	0
402438.69337466086	4132965.6443921053	0
402439.10206606897	4132965.5787259047	0
402439.49046328524	4132965.515859694	0
402439.902740506	4132965.448904127	0
402440.30046084325	4132965.384336565	0
402440.7065582559	4132965.3185254056	0
402441.11454775743	4132965.2525082557	0
402441.51783755206	4132965.187269303	0
402441.9234772006	4132965.121633621	0
402442.3275604536	4132965.0562344524	0
402442.76831057394	4132964.9848690955	0
402443.1898498815	4132964.916616527	0
402443.6069336218	4132964.8491040184	0
402444.136108426	4132964.763448806	0
402444.5089874553	4132964.7030774076	0
402444.86611941323	4132964.6452618544	0
402445.21374514425	4132964.5889950744	0
402445.5411834992	4132964.53598604	0
402445.8593597705	4132964.484472367	0
402446.17192080425	4132964.4338894803	0
402446.5194244666	4132964.3776379535	0
402446.9336548135	4132964.3105755784	0
402447.2336426063	4132964.262014481	0
402447.6060638705	4132964.201765152	0
402447.9206695845	4132964.150831317	0
402448.2618408478	4132964.09558687	0
402448.67405703524	4132964.028860182	0
402449.01354983385	4132963.973905655	0
402449.34811404254	4132963.9197522146	0
