402466.28662112175	4132961.0234471285	0
402466.355300932	4132961.368837449	0
402466.42106631235	4132961.698846909	0
402466.4811554234	4132962.000513169	0
402466.55387881154	4132962.3654576256	0
402466.61766054947	4132962.685640424	0
402466.69740298204	4132963.085840318	0
402466.75894167944	4132963.3947277996	0
402466.83715823025	4132963.7873898456	0
402466.90792849567	4132964.14269838	0
402466.97065737756	4132964.4576474163	0
402467.03346255166	4132964.7727642977	0
402467.11898806546	4132965.2020016625	0
402467.1959381377	4132965.5882321303	0
402467.2751159941	4132965.9856472905	0
402467.3366241746	4132966.2943860013	0
402467.4021606737	4132966.6233731234	0
402467.4687958039	4132966.9579449617	0
402467.5366974152	4132967.298811051	0
402467.604019194	4132967.63666353	0
402467.6738281538	4132967.9869976956	0
402467.74493410916	4132968.343717667	0
402467.81253054587	4132968.682996841	0
402467.8851166043	4132969.0474835355	0
402467.9597778612	4132969.4221707284	0
402468.02949526755	4132969.7719784714	0
402468.09979250835	4132970.124876114	0
402468.1707458778	4132970.4809475853	0
402468.2362976365	4132970.810140701	0
402468.313369778	4132971.1970578134	0
402468.4001312547	4132971.6324826237	0
402468.4845581345	4132972.0564557044	0
402468.5626220994	4132972.448110672	0
402468.6378784469	4132972.8258954026	0
402468.71205141966	4132973.1799679724	0
402468.7772522244	4132973.5198803856	0
402468.82098391396	4132973.85185823	0
402468.87301638606	4132974.1821347205	0
402468.93771365075	4132974.529836748	0
402469.0062561312	4132974.8904629652	0
402469.07363894314	4132975.253095721	0
402469.1509094519	4132975.682500931	0
402469.2148742953	4132976.044225785	0
402469.27354434005	4132976.3761883695	0
402469.33349612186	4132976.713316054	0
402469.38894656167	4132977.0233288766	0
402469.4485931671	4132977.3559857355	0
402469.50476077123	4132977.669134232	0
402469.5795746142	4132978.086408709	0
402469.6536102567	4132978.4998150757	0
402469.7436981482	4132979.003446672	0
402469.8086853307	4132979.36672792	0
402469.88806155184	4132979.810346695	0
402469.9520111368	4132980.1747342064	0
402470.01699831866	4132980.5211239783	0
402470.07696535916	4132980.8428555424	0
402470.148620634	4132981.239248369	0
402470.2088623337	4132981.5738278334	0
402470.2882385527	4132982.013441177	0
402470.35519411997	4132982.3828717195	0
402470.4250641158	4132982.767644974	0
402470.5007782273	4132983.1843548724	0
402470.5785827916	4132983.6128216716	0
402470.6576080612	4132984.0484448406	0
402470.7357025426	4132984.4788800166	0
402470.8148041052	4132984.915060137	0
402470.8938293736	4132985.3508206336	0
402470.9738769821	4132985.7917843782	0
402471.05690005224	4132986.2494488694	0
402471.12289431493	4132986.613134473	0
402471.1809387499	4132986.9329739525	0
402471.2617035203	4132987.3781414954	0
402471.3256073272	4132987.7304058964	0
402471.3862152392	4132988.0644436777	0
402471.44522097474	4132988.40087709	0
402471.5239868446	4132988.8181363074	0
402471.5885010052	4132989.1411648723	0
402471.67408755247	4132989.592908948	0
402471.7720947552	4132990.1221219	0
402471.84973147383	4132990.541662306	0
402471.92916872894	4132990.968923659	0
402472.0072174354	4132991.386472793	0
402472.08857729763	4132991.820806591	0
402472.16877749504	4132992.2490521413	0
402472.2530975632	4132992.699895948	0
402472.3330230983	4132993.127508254	0
402472.39508059376	4132993.4597836467	0
402472.4683227818	4132993.8518124553	0
402472.5406647017	4132994.2388287485	0
402472.6082916538	4132994.60059175	0
402472.66575625347	4132994.908155534	0
402472.7452698038	4132995.3335705707	0
402472.8595428758	4132995.94484529	0
402472.9225616746	4132996.282125564	0
402472.9959564481	4132996.6748715388	0
402473.0565338425	4132996.9989987314	0
402473.1156158739	4132997.3151608435	0
402473.19587710354	4132997.7445660555	0
402473.29740908556	4132998.2878399803	0
402473.3943329133	4132998.806509109	0
402473.4509430214	4132999.1092816303	0
402473.5065918255	4132999.4070569	0
402473.6019745162	4132999.9173489516	0
402473.69573977357	4133000.418996903	0
402473.7895965847	4133000.921148391	0
402473.8844147016	4133001.428297134	0
402473.97967532004	4133001.9379254277	0
402474.0728912626	4133002.4367199857	0
402474.16629031074	4133002.9363461453	0
402474.22453310987	4133003.248022172	0
402474.3045501981	4133003.6761151254	0
402474.3984375282	4133004.1783505375	0
402474.5029144558	4133004.73741731	0
402474.61315920844	4133005.3274975754	0
402474.6790161404	4133005.6797619816	0
402474.74456789816	4133006.0307522747	0
402474.82487490604	4133006.4656811683	0
402474.89155581436	4133006.829244705	0
402474.95890810975	4133007.1953488304	0
402475.0391083034	4133007.6278973543	0
402475.1483307165	4133008.2134076064	0
402475.21551516553	4133008.5760632483	0
402475.28575137036	4133008.9584561298	0
402475.3676910675	4133009.4084301926	0
402475.47483828454	4133009.9937573387	0
402475.54228213185	4133010.358083817	0
402475.6074676799	4133010.708257767	0
402475.67836001364	4133011.0869580247	0
402475.7740173632	4133011.605688184	0
402475.8405151651	4133011.96854219	0
402475.9631500531	4133012.6280346857	0
402476.08445742563	4133013.2672787616	0
402476.212707547	4133013.938436599	0
402476.3334350863	4133014.576963515	0
402476.4066620152	4133014.9689312885	0
402476.4988708769	4133015.4721280048	0
402476.5644226356	4133015.837370011	0
402476.62640383723	4133016.1870938255	0
402476.7144623074	4133016.69586	0
402476.77424624405	4133017.0439053504	0
402476.84271243104	4133017.4348965604	0
402476.94618227973	4133018.003965469	0
402477.0607757843	4133018.641904922	0
402477.15371706965	4133019.173948381	0
402477.2172546667	4133019.544866654	0
402477.27403262176	4133019.888776872	0
402477.3380584997	4133020.26891908	0
402477.3899994185	4133020.5716610863	0
402477.4431152636	4133020.8734570467	0
402477.50935366546	4133021.2583294827	0
402477.5996551798	4133021.6997281024	0
402477.70787051163	4133022.2145138737	0
402477.7865295686	4133022.636983961	0
402477.86647036433	4133023.0674115154	0
402477.9257812787	4133023.3869381878	0
402477.98533633084	4133023.706693742	0
402478.041717558	4133024.0102978675	0
402478.10221865505	4133024.333166214	0
402478.18212893326	4133024.7591687157	0
402478.2595215121	4133025.170652481	0
402478.3346252719	4133025.5647946293	0
402478.41409304494	4133025.9793759333	0
402478.47030642524	4133026.277479264	0
402478.55242922634	4133026.7167340238	0
402478.6137085235	4133027.0507412865	0
402478.69895937917	4133027.506948562	0
402478.7768097203	4133027.84506807	0
402478.85556033056	4133028.2125988905	0
402478.9128876018	4133028.5100079477	0
402478.9838562304	4133028.8886853172	0
402479.0511322295	4133029.239927382	0
402479.11235049134	4133029.536466689	0
402479.2019653607	4133029.961698624	0
402479.2831878947	4133030.349607558	0
402479.3768615999	4133030.810163588	0
402479.4538574508	4133031.1881695716	0
402479.53068545356	4133031.5572949355	0
402479.5920105263	4133031.85993776	0
402479.67768862634	4133032.2562695434	0
402479.7359924595	4133032.565916149	0
402479.79331973125	4133032.9032879793	0
402479.852874783	4133033.214307875	0
402479.9159088417	4133033.536542982	0
402479.97792056133	4133033.8576184204	0
402480.05471804563	4133034.21676454	0
402480.1308441435	4133034.5724774264	0
402480.2059784221	4133034.948118302	0
402480.2805786423	4133035.32726869	0
402480.3604736603	4133035.749754047	0
402480.4426269813	4133036.2011853145	0
402480.5247345257	4133036.6610089247	0
402480.6174927039	4133037.144208997	0
402480.7154083523	4133037.6232892005	0
402480.78276064916	4133037.955732433	0
402480.8417969036	4133038.2551556537	0
402480.899810818	4133038.563779921	0
402480.96705630276	4133038.945783708	0
402481.0263366972	4133039.308500381	0
402481.08216860663	4133039.6422100947	0
402481.15402224427	4133040.038801286	0
402481.2352295196	4133040.4583264305	0
402481.3398437791	4133040.990385144	0
402481.39678957936	4133041.2888928372	0
402481.46060183534	4133041.643125626	0
402481.514984159	4133041.9532757713	0
402481.6083069121	4133042.4815045306	0
402481.6690521525	4133042.810697646	0
402481.7441406534	4133043.208341689	0
402481.80653384194	4133043.532957167	0
402481.9173584269	4133044.1043835594	0
402482.0031280796	4133044.5750561673	0
402482.06459048163	4133044.92280397	0
402482.12951662974	4133045.284528822	0
402482.2449951447	4133045.9169751136	0
402482.337921171	4133046.41483888	0
402482.4010925584	4133046.7478772113	0
402482.4835357951	4133047.184782119	0
402482.5515594766	4133047.5626355135	0
402482.6242065721	4133047.981107801	0
402482.7112732206	4133048.490675063	0
402482.7653503705	4133048.8015576308	0
402482.8404541303	4133049.2253399817	0
402482.93313601543	4133049.7190991365	0
402483.02902224596	4133050.1912671053	0
402483.09887698217	4133050.5654126112	0
402483.1774750034	4133051.011961073	0
402483.22903445095	4133051.3096447876	0
402483.28633120464	4133051.6318951547	0
402483.3569183631	4133052.0126629765	0
402483.45294192276	4133052.529493424	0
402483.5216675077	4133052.898099992	0
402483.5919800075	4133053.28295717	0
402483.64799502434	4133053.597074597	0
402483.7022552763	4133053.904691785	0
402483.7767029098	4133054.3206311166	0
402483.8673401149	4133054.8087292626	0
402483.97529604856	4133055.343259901	0
402484.04673769866	4133055.6940136882	0
402484.1442108437	4133056.194715588	0
402484.2247619914	4133056.6427746722	0
402484.28681948653	4133056.995374773	0
402484.3627014435	4133057.4107800457	0
402484.4294281288	4133057.7354107844	0
402484.5027923855	4133058.0644513075	0
402484.59806826524	4133058.5030957176	0
402484.68518069235	4133058.947065444	0
402484.7607422148	4133059.3621655437	0
402484.8298797893	4133059.7678814856	0
402484.8853912626	4133060.075376602	0
402484.9723358444	4133060.4394513094	0
402485.05874636676	4133060.799757095	0
402485.136398343	4133061.16299257	0
402485.2070160196	4133061.519331068	0
402485.28013613715	4133061.895322889	0
402485.38395693805	4133062.3976117093	0
402485.4477844524	4133062.6994763343	0
402485.5237579622	4133063.064909072	0
402485.596588163	4133063.413267225	0
402485.67201235716	4133063.750516984	0
402485.73587039	4133064.0639477656	0
402485.7892914096	4133064.4153881944	0
402485.8641357711	4133064.816984266	0
402485.9552002243	4133065.255766005	0
402486.03619387606	4133065.6593914954	0
402486.0937195106	4133065.9618664677	0
402486.16984560835	4133066.3639813405	0
402486.24061587313	4133066.727247331	0
402486.30307009595	4133067.0493298494	0
402486.3638916294	4133067.3650036748	0
402486.44375613244	4133067.7683392474	0
402486.4986572539	4133068.129194355	0
402486.553024319	4133068.5034619262	0
402486.60755923315	4133068.8869000375	0
402486.6487732226	4133069.2536755544	0
402486.70233157027	4133069.615034193	0
402486.7507019336	4133069.9214764573	0
402486.8055572796	4133070.2530499427	0
402486.83071902225	4133070.574537366	0
402486.7846527382	4133070.929746718	0
402486.82528689416	4133071.246915911	0
402486.82508852903	4133071.567854017	0
402486.84378054633	4133071.9134961097	0
402486.82060244575	4133072.2139569237	0
402486.79510500934	4133072.5781079256	0
402486.7578583044	4133072.883314224	0
402486.73724368104	4133073.211256115	0
402486.7201996135	4133073.552641005	0
402486.69630434865	4133073.858488173	0
402486.67236330896	4133074.2198620746	0
402486.633148221	4133074.5835400512	0
402486.51231387095	4133074.9046917846	0
402486.4418487828	4133075.2118359497	0
402486.3712921422	4133075.5694256746	0
402486.23489382665	4133075.8657971346	0
402486.1488037381	4133076.2190533616	0
402486.01377871423	4133076.5117016737	0
402485.883529691	4133076.8222638075	0
402485.72726443206	4133077.1058941805	0
402485.58956911927	4133077.436018081	0
402485.38388064347	4133077.6890088045	0
402485.18714907666	4133077.923688984	0
402485.0175476356	4133078.1879101717	0
402484.80952456465	4133078.4377728417	0
402484.5989380174	4133078.6664868295	0
402484.41949465603	4133078.919767469	0
402484.1878967565	4133079.165891738	0
402483.9490661891	4133079.40034303	0
402483.7173919964	4133079.6484662006	0
402483.4815368927	4133079.895979017	0
402483.24572756817	4133080.1151410043	0
402483.006332426	4133080.2996045067	0
402482.7698211946	4133080.4922772367	0
402482.502471951	4133080.689954851	0
402482.23025515396	4133080.847364516	0
402481.9828949248	4133081.031324475	0
402481.6660766886	4133081.1723156907	0
402481.3964691441	4133081.325834363	0
402481.1022033983	4133081.4628430293	0
402480.8100281039	4133081.6061383192	0
402480.51068117935	4133081.7694683988	0
402480.2298279082	4133081.883268445	0
402479.9223022747	4133081.9864636385	0
402479.6289673127	4133082.061323257	0
402479.3381042759	4133082.164243788	0
402478.9901123336	4133082.2568036	0
402478.70024111716	4133082.3559857327	0
402478.3623504912	4133082.418348404	0
402478.0559234907	4133082.5047894437	0
402477.7326507858	4133082.590894791	0
402477.44047549175	4133082.666135878	0
402477.13462832296	4133082.7494183476	0
402476.84172061004	4133082.8222943265	0
402476.5296325974	4133082.811933613	0
402476.2214050577	4133082.811094374	0
402475.922103909	4133082.853193376	0
402475.5971679964	4133082.81359682	0
402475.26791384706	4133082.7626629793	0
402474.94525149406	4133082.6851788475	0
402474.64476016036	4133082.5870953496	0
402474.3531799587	4133082.4749127356	0
402474.0706634812	4133082.328107922	0
402473.80198672344	4133082.1819287254	0
402473.54740908503	4133081.9977398794	0
402473.30168154626	4133081.802869886	0
402473.0438080105	4133081.5715924203	0
402472.8447876262	4133081.343458265	0
402472.65316775243	4133081.102979751	0
402472.4770355502	4133080.8431530907	0
402472.3210754667	4133080.5774212806	0
402472.1857147494	4133080.2899914705	0
402472.0380249298	4133080.017347424	0
402471.8865509319	4133079.7288952814	0
402471.72610476485	4133079.425443741	0
402471.5645752242	4133079.135282607	0
402471.45901492145	4133078.8377362224	0
402471.3425598424	4133078.543348404	0
402471.2611847194	4133078.2419873183	0
402471.2123871133	4133077.9394360506	0
402471.126968411	4133077.6260662973	0
402471.0395355502	4133077.317152113	0
402470.94589236326	4133076.9718762375	0
402470.84703066805	4133076.6361523597	0
402470.4231109899	4133076.0966473552	0
402470.3478241239	4133075.79376039	0
402470.27294924785	4133075.478101818	0
402470.18507387966	4133075.183698744	0
402470.0931396766	4133074.8899975712	0
402469.98875430087	4133074.533384414	0
402469.89605715737	4133074.2266369746	0
402469.8081360137	4133073.932264419	0
402469.7208557405	4133073.645094009	0
402469.63584902673	4133073.3395672785	0
402469.577865628	4133073.0430127066	0
402469.4947204873	4133072.749693008	0
402469.41488650173	4133072.450025654	0
402469.35382082895	4133072.1418286255	0
402469.29144289816	4133071.8259869525	0
402469.2442932404	4133071.529172986	0
402469.19833376724	4133071.227720348	0
402469.14881899685	4133070.9272290193	0
402469.702316312	4133070.3769360497	0
402469.78126528766	4133070.062055678	0
402469.868072537	4133069.7700787494	0
402470.0136108669	4133069.415464493	0
402470.19427492947	4133069.0631543132	0
402470.3834076215	4133068.76289186	0
402470.57353213243	4133068.5052014296	0
402470.79077151255	4133068.2524243332	0
402471.0117950729	4133068.028455823	0
402471.26330569235	4133067.8048077533	0
402471.5162658962	4133067.6187725966	0
402471.79379275336	4133067.43714723	0
402472.0802917754	4133067.2862378065	0
402472.36935427727	4133067.163053603	0
402472.69120791287	4133067.0536938603	0
402472.9940796186	4133066.979276749	0
402473.3455505654	4133066.858381359	0
402473.7171936311	4133066.7083874666	0
402474.0530395793	4133066.589826677	0
402474.3478851601	4133066.490278335	0
402474.81047060876	4133066.340116589	0
402475.2549438754	4133066.183210464	0
402475.560592679	4133066.0200329744	0
402475.82334902696	4133065.834623427	0
402476.0695495884	4133065.6301403996	0
402476.3220062533	4133065.412016007	0
402476.5435638714	4133065.186689467	0
402476.84057619993	4133064.934736343	0
402477.18096926576	4133064.685972302	0
402477.4447326934	4133064.4646893465	0
402477.6283874788	4133064.2063885652	0
402477.7882843302	4133063.940717785	0
402478.0057831086	4133063.62589845	0
402478.13868716086	4133063.3546429584	0
402478.26937869	4133063.0045910776	0
402478.361831694	4133062.7110272357	0
402478.4340973174	4133062.419553846	0
402478.4916992479	4133062.122022719	0
402478.5223236355	4133061.7884198157	0
402478.52160647314	4133061.469938367	0
402478.4946899684	4133061.139982312	0
402478.5202637008	4133060.809431166	0
402478.521743803	4133060.4986706707	0
402478.4633331574	4133060.190137953	0
402478.4129486359	4133059.8782788264	0
402478.3856811813	4133059.545560927	0
402478.32350161456	4133059.241575332	0
402478.28488162084	4133058.933683486	0
402478.23822024383	4133058.587339494	0
402478.1921844757	4133058.2708874657	0
402478.1379089638	4133057.9049511873	0
402478.0771026896	4133057.490675062	0
402478.0299072545	4133057.167493912	0
402477.97901919216	4133056.81957826	0
402477.93072512676	4133056.475370499	0
402477.8793182657	4133056.1543408358	0
402477.82127383206	4133055.8228894165	0
402477.7650299351	4133055.446134656	0
402477.7209930702	4133055.149046035	0
402477.66859438823	4133054.8034955	0
402477.6185150417	4133054.4752789424	0
402477.5724182405	4133054.170850843	0
402477.511154204	4133053.8232403714	0
402477.45419314323	4133053.471922011	0
402477.39782717597	4133053.1072674724	0
402477.3484497357	4133052.7904797504	0
402477.2926025662	4133052.4259167607	0
402477.2240600876	4133052.0317974994	0
402477.15493777214	4133051.6544171292	0
402477.09541323595	4133051.2670117337	0
402477.02871706814	4133050.893049331	0
402476.9621429727	4133050.5480328505	0
402476.9075470256	4133050.2402783353	0
402476.8575134554	4133049.920652482	0
402476.7882690718	4133049.6252881032	0
402476.7265777858	4133049.3124829223	0
402476.6617737099	4133048.938306901	0
402476.5677490512	4133048.576200576	0
402476.501953154	4133048.223539442	0
402476.44213869976	4133047.9293347327	0
402476.3753052028	4133047.6126233074	0
402476.31098940835	4133047.3086682274	0
402476.2319183638	4133046.9306927617	0
402476.1446991251	4133046.511015027	0
402476.0806732462	4133046.203184216	0
402476.01800539996	4133045.902296157	0
402475.9451294223	4133045.5528546283	0
402475.8693542751	4133045.189680189	0
402475.78816225944	4133044.800245376	0
402475.7056732455	4133044.4047680805	0
402475.62187197665	4133044.0027447683	0
402475.55918887083	4133043.7020092937	0
402475.4675598416	4133043.2624493567	0
402475.390243558	4133042.8914776747	0
402475.3206482206	4133042.5576153686	0
402475.2311554226	4133042.1284924466	0
402475.14511111245	4133041.715559097	0
402475.06280520454	4133041.320921033	0
402474.99948123016	4133041.017210099	0
402474.9266357712	4133040.6677533104	0
402474.84356692375	4133040.2691784804	0
402474.7663421912	4133039.8987713773	0
402474.7035217574	4133039.597333998	0
402474.6405334746	4133039.29517946	0
402474.5553589147	4133038.8865185697	0
402474.4458618438	4133038.3613415663	0
402474.35891726444	4133037.944135752	0
402474.29751589725	4133037.6497174194	0
402474.2122497848	4133037.2405224745	0
402474.1273193647	4133036.833158585	0
402474.0335693647	4133036.3833447387	0
402473.9279022501	4133035.8764172504	0
402473.8561706828	4133035.5321942274	0
402473.7709808637	4133035.1235943735	0
402473.67709353403	4133034.6730786273	0
402473.59892275755	4133034.2982617333	0
402473.50152590714	4133033.8308850257	0
402473.4267883573	4133033.4724102933	0
402473.3392029085	4133033.0522900526	0
402473.27627566207	4133032.750578019	0
402473.181213406	4133032.2944775536	0
402473.10983279184	4133031.9233990638	0
402473.019088774	4133031.5641308744	0
402472.8800812048	4133031.2582226717	0
402472.7993164354	4133030.958585829	0
402472.68681338226	4133030.6673108074	0
402472.5099335002	4133030.4067975	0
402472.3335418977	4133030.160398573	0
402472.1260376269	4133029.8654309204	0
402471.98171999905	4133029.552030654	0
402471.7653045938	4133029.333036514	0
402471.514022855	4133029.1100445674	0
402471.27555849985	4133028.8738995516	0
402471.0625458048	4133028.618040178	0
402470.7792053502	4133028.4269543597	0
402470.5132446565	4133028.257185072	0
402470.2498016627	4133028.0978985745	0
402469.9680176059	4133027.9760418846	0
402469.63542178017	4133027.812070935	0
402469.3397064488	4133027.627042861	0
402469.0516052521	4133027.4618969876	0
402468.7420196819	4133027.3364544827	0
402468.42617800715	4133027.2722454956	0
402468.1015930447	4133027.206503005	0
402467.7956085481	4133027.051336381	0
402467.4321899704	4133027.0000821073	0
402467.1051636018	4133027.00456056	0
402466.7595672894	4133026.990339371	0
402466.42658999376	4133027.0218869173	0
402466.0901184374	4133027.038641069	0
402465.7523498811	4133027.016813369	0
402465.42597964336	4133027.0228711106	0
402465.1253662384	4133027.029020403	0
402464.7910003945	4133027.0517254793	0
402464.4461822797	4133027.0821362454	0
402464.10061648407	4133027.098928542	0
402463.77046206384	4133027.130788893	0
402463.4475097938	4133027.1516781757	0
402463.1236419962	4133027.193616959	0
402462.73498537904	4133027.2216092087	0
402462.36808779766	4133027.253019422	0
402462.0688171658	4133027.277967544	0
402461.69599917356	4133027.3177166907	0
402461.39562991157	4133027.370084853	0
402461.02246096643	4133027.4317608806	0
402460.6730499547	4133027.472211927	0
402460.3523407256	4133027.5171872093	0
402460.0307159712	4133027.5620938246	0
402459.67205813434	4133027.609838579	0
402459.26522829867	4133027.6782818744	0
402458.94610598625	4133027.738538835	0
402458.5819702429	4133027.8075314467	0
402458.267059354	4133027.8583584772	0
402457.92958071583	4133027.9132443396	0
402457.557327298	4133027.97822389	0
402457.1913452425	4133028.042631241	0
402456.8748779578	4133028.0978985736	0
402456.5383453646	4133028.156278698	0
402456.1788635546	4133028.2184430086	0
402455.8776092817	4133028.2705670325	0
402455.4865722939	4133028.338346572	0
402455.1873779575	4133028.3902264554	0
402454.7266388226	4133028.4701977703	0
402454.3592376996	4133028.5325451824	0
402454.0095062535	4133028.5894909822	0
402453.6837463655	4133028.664442153	0
402453.3795776642	4133028.735349747	0
402453.08151247934	4133028.79250917	0
402452.71311953396	4133028.8588238657	0
402452.3159027388	4133028.9326916644	0
402451.9605102815	4133029.0012188875	0
402451.6056976594	4133029.0708294823	0
402451.2556915566	4133029.1396618793	0
402450.90747073095	4133029.20768556	0
402450.49436953396	4133029.2878399817	0
402450.1297912875	4133029.3583813626	0
402449.7498474393	4133029.4319592463	0
402449.3601074491	4133029.5075512826	0
402448.94506838726	4133029.5881634657	0
402448.519912747	4133029.6707135155	0
402448.09173586726	4133029.7538586566	0
402447.6623077671	4133029.837186905	0
402447.18167117087	4133029.930463881	0
402446.8107300093	4133030.0024701105	0
402446.4810028352	4133030.0664807274	0
402446.1752624789	4133030.1257916423	0
402445.83093264455	4133030.1926403968	0
402445.3729706084	4133030.281522841	0
402445.07444765954	4133030.339460462	0
402444.7733001993	4133030.397901627	0
402444.4282989783	4133030.464872451	0
402443.9912720007	4133030.5497113196	0
402443.6834106726	4133030.6094647353	0
402443.3249359411	4133030.679014297	0
402442.8569336225	4133030.7698346083	0
402442.39340212784	4133030.8598309453	0
402441.83937075664	4133030.967374894	0
402441.5392303744	4133031.02561769	0
402441.1077728554	4133031.1093426663	0
402440.69212344027	4133031.190000624	0
402440.2989654828	4133031.266340344	0
402439.92892458884	4133031.338178726	0
402439.5716095249	4133031.4075146657	0
402439.2220917021	4133031.475370495	0
402438.8850860881	4133031.540769671	0
402438.57852175593	4133031.602018449	0
402438.2463531772	4133031.6644421536	0
402437.84533694165	4133031.72990236	0
402437.5141449245	4133031.792615981	0
402437.21284487634	4133031.8509961064	0
402436.8588409716	4133031.917905901	0
402436.47283938463	4133031.989194963	0
402436.05867007305	4133032.0655651977	0
402435.69175723003	4133032.133588882	0
402435.2896576204	4133032.212797257	0
402434.95587160974	4133032.261900041	0
402434.62635806086	4133032.3125134427	0
402434.26509097137	4133032.3839703533	0
402433.93463137484	4133032.4189740126	0
402433.5890198026	4133032.468549819	0
402433.2902069366	4133032.5200634925	0
402432.90409853915	4133032.582731338	0
402432.58456423786	4133032.63186464	0
402432.25013735634	4133032.6824322646	0
402431.8656006136	4133032.7407666137	0
402431.5514984417	4133032.788999651	0
402431.2450104033	4133032.836393448	0
402430.83888247446	4133032.899213882	0
402430.52551272453	4133032.9475232097	0
402430.22387698194	4133032.993894667	0
402429.8820953653	4133033.0464917165	0
402429.57011416357	4133033.094495866	0
402429.2600860868	4133033.1422406146	0
402428.9336853316	4133033.192548842	0
402428.5956573764	4133033.24462709	0
402428.2517547899	4133033.2975598313	0
402427.932952908	4133033.3466473543	0
402427.5680465981	4133033.402830214	0
402427.17166140466	4133033.4638806325	0
402426.8179855621	4133033.518354508	0
402426.51179507293	4133033.543470476	0
402426.1835785201	4133033.6034222553	0
402425.88796236936	4133033.657346817	0
402425.551803616	4133033.718702405	0
402425.18801882607	4133033.7850933974	0
402424.83422854467	4133033.8496991117	0
402424.4439544951	4133033.9209576584	0
402424.1060180955	4133033.9826184236	0
402423.71076205303	4133034.0547924973	0
402423.2511596952	4133034.138273329	0
402422.9527817062	4133034.189222428	0
402422.629806547	4133034.258405775	0
402422.3049545573	4133034.3359967214	0
402421.9831924725	4133034.412031265	0
402421.64040377486	4133034.546384902	0
402421.34712222096	4133034.6890698383	0
402421.0295105269	4133034.7661572443	0
402420.66322329466	4133034.8833142226	0
402420.3796310697	4133034.9833050673	0
402420.08804324025	4133035.088819596	0
402419.7867965988	4133035.2130871704	0
402419.47852328303	4133035.3595562903	0
402419.2040329263	4133035.5272198627	0
402418.92575839	4133035.6508007967	0
402418.65989687806	4133035.8411389305	0
402418.3562622359	4133036.0187207176	0
402418.0855255415	4133036.1885357825	0
402417.8165588657	4133036.398115249	0
402417.5285492219	4133036.5749951303	0
402417.26905825554	4133036.747297378	0
402417.00726321066	4133036.92403993	0
402416.74182131636	4133037.103590102	0
402416.50572970405	4133037.296079728	0
402416.2563019076	4133037.480482195	0
402415.9639129911	4133037.699796767	0
402415.71120455634	4133037.913419814	0
402415.4163971219	4133038.130354019	0
402415.1651687905	4133038.315656752	0
402414.9547119422	4133038.59303102	0
402414.7443313873	4133038.8338604877	0
402414.47547915403	4133039.081770036	0
402414.1921768465	4133039.3561840956	0
402414.0134811681	4133039.6194439856	0
402413.83073428064	4133039.8706494323	0
402413.5768814367	4133040.11323366	0
402413.4320221221	4133040.3817425715	0
402413.25889590196	4133040.6488018963	0
402413.0641250886	4133040.9836865403	0
402412.8708725248	4133041.2535229665	0
402412.7148361489	4133041.574583146	0
402412.58203890757	4133041.8548260634	0
402412.47547152545	4133042.1613598797	0
402412.3508987718	4133042.443845841	0
402412.2070846838	4133042.713316055	0
402412.155998259	4133043.0360547006	0
402412.02605441114	4133043.3645764315	0
402411.91634371656	4133043.655531019	0
402411.7896805082	4133044.009992688	0
402411.6968612941	4133044.322706314	0
402411.6232528971	4133044.665983293	0
402411.542404202	4133045.0312329233	0
402411.528800993	4133045.3528729407	0
402411.45568850404	4133045.6635571406	0
402411.41234591417	4133045.9752636882	0
402411.3663788118	4133046.279554456	0
402411.3327789579	4133046.6074200594	0
402411.29723360966	4133046.9208050673	0
402411.29261782626	4133047.2395459157	0
402411.2596893583	4133047.5604840238	0
402411.25686648267	4133047.8755169804	0
402411.27292635967	4133048.182203384	0
402411.274612455	4133048.517454237	0
402411.2764358804	4133048.8645764277	0
402411.27857974014	4133049.181318373	0
402411.28651431133	4133049.520795916	0
402411.31122591975	4133049.828504653	0
402411.3192291551	4133050.147245499	0
402411.3386917393	4133050.455457774	0
402411.3490371981	4133050.759870622	0
402411.40794375446	4133051.0667401236	0
402411.44868472125	4133051.3741742107	0
402411.4925537398	4133051.681196303	0
402411.53778078937	4133051.983732316	0
402411.58480074746	4133052.29452333	0
402411.63294222706	4133052.619016737	0
402411.6773605625	4133052.9188977196	0
402411.73138430447	4133053.2375775296	0
402411.7840652756	4133053.5628491347	0
402411.83465579053	4133053.886701673	0
402411.8834305101	4133054.1927777226	0
402411.94359591533	4133054.5051403968	0
402411.9929123203	4133054.81896791	0
402412.0505295073	4133055.114713762	0
402412.1067352578	4133055.416227432	0
402412.1604843426	4133055.714017957	0
402412.2137146266	4133056.010801405	0
402412.2967605883	4133056.3077069223	0
402412.40177920216	4133056.605589004	0
402412.5311355869	4133056.888517472	0
402412.6881943041	4133057.1743603665	0
402412.9082413005	4133057.493589492	0
402413.1109237953	4133057.7492657625	0
402413.3201523108	4133057.979963393	0
402413.54867556464	4133058.1937085125	0
402413.78200533724	4133058.383054823	0
402414.02970126143	4133058.555875867	0
402414.28749087185	4133058.7250348045	0
402414.60308077687	4133058.870985121	0
402414.9088821696	4133059.0072155907	0
402415.20462038903	4133059.0988598787	0
402415.52249911224	4133059.1820507976	0
402415.8288193038	4133059.2278424227	0
402416.12838748	4133059.255430313	0
402416.43191531196	4133059.2622662485	0
402416.7443771652	4133059.2407055814	0
402417.0797195706	4133059.2752667367	0
402417.4049759201	4133059.273237317	0
402417.71319582826	4133059.2884808495	0
402418.0211181928	4133059.2558270437	0
402418.36332705454	4133059.2776623694	0
402418.7160415941	4133059.3398571927	0
402419.0174942299	4133059.3414593646	0
402419.35630038136	4133059.3583966205	0
402419.6690750407	4133059.3834210346	0
402419.9825668615	4133059.402830215	0
402420.28926852066	4133059.44875917	0
402420.63219454675	4133059.4779492333	0
402421.0088272379	4133059.5257245027	0
402421.33769991726	4133059.553449721	0
402421.67998507543	4133059.587232682	0
402422.04280093225	4133059.620832531	0
402422.38925173786	4133059.6736889803	0
402422.74849703815	4133059.730985731	0
402423.1545639322	4133059.8013440096	0
402423.4542160317	4133059.87039003	0
402423.760643034	4133059.913480849	0
402424.0677719397	4133059.967985247	0
402424.4056854523	4133060.0516339233	0
402424.6910019198	4133060.1457806556	0
402424.9837875655	4133060.232954117	0
402425.3017425809	4133060.3147412264	0
402425.61129763484	4133060.3887768695	0
402425.90107729915	4133060.4886303856	0
402426.1999893471	4133060.614027112	0
402426.48296359094	4133060.759550185	0
402426.79206851067	4133060.8614331214	0
402427.11045077303	4133061.0294781663	0
402427.4132004075	4133061.195661638	0
402427.69913485466	4133061.310590836	0
402427.9549179356	4133061.4896679847	0
402428.23013308394	4133061.7480755784	0
402428.4451751998	4133061.9678631723	0
402428.6862030322	4133062.179746719	0
402429.0212250047	4133062.4070874187	0
402429.25059512013	4133062.6084118774	0
402429.4564361855	4133062.905836195	0
402429.65246584784	4133063.2105847313	0
402429.8174133577	4133063.5055676433	0
402430.0026703171	4133063.8348523104	0
402430.2207641876	4133064.1220684946	0
402430.43348696764	4133064.417844865	0
402430.55087283056	4133064.7173138605	0
402430.6496277131	4133065.029707046	0
402430.79922488244	4133065.3487530663	0
402430.9574585251	4133065.7162457425	0
402431.0120544717	4133066.0215130756	0
402431.05889895343	4133066.4147015526	0
402431.08515933086	4133066.7596875117	0
402431.08259585337	4133067.0957776	0
402431.05169680563	4133067.450864882	0
402430.97885134607	4133067.8155194186	0
402430.9822235388	4133068.2391034104	0
402430.9373169228	4133068.639585583	0
402430.8218231478	4133068.9293499887	0
402430.74781802093	4133069.261335463	0
402430.6778259549	4133069.6046734736	0
402430.602691679	4133069.960828873	0
402430.5448150906	4133070.2695446927	0
402430.4571991254	4133070.591077895	0
402430.3435364049	4133070.909010022	0
402430.23603823583	4133071.2068005516	0
402430.12599184964	4133071.5263043344	0
402430.01403811504	4133071.9265881493	0
402429.91998293746	4133072.2416211087	0
402429.7798309618	4133072.5996228196	0
402429.65571597114	4133072.9596234276	0
402429.5610046672	4133073.2588635394	0
402429.4654846463	4133073.551969617	0
402429.36488345097	4133073.851560684	0
402429.228866605	4133074.234663099	0
402429.140686063	4133074.555372329	0
402429.02827456495	4133074.997694105	0
402428.9239044477	4133075.3611126877	0
402428.9072265895	4133075.688932512	0
402428.8971710483	4133076.061536879	0
402428.81643679517	4133076.424589249	0
402428.7523041044	4133076.7234784053	0
402428.757995634	4133077.028791518	0
402428.8187408722	4133077.329435438	0
402428.8647613806	4133077.6651288	0
402428.9446716593	4133078.0194378817	0
402429.035263089	4133078.3072644183	0
402429.16375735326	4133078.641492936	0
402429.23388674617	4133078.959699721	0
402429.3383941924	4133079.243940445	0
402429.547622709	4133079.6099682758	0
402429.7056122111	4133080.0055066044	0
402429.8079071322	4133080.3119336097	0
402429.9814453414	4133080.648954485	0
402430.2054138463	4133080.9284497215	0
402430.42526247917	4133081.169508069	0
402430.6473388948	4133081.401685806	0
402430.88414004206	4133081.6179486224	0
402431.15419009223	4133081.812437149	0
402431.42494204483	4133082.0398236206	0
402431.659759549	4133082.2888012817	0
402431.88035586267	4133082.515638443	0
402432.16128542816	4133082.736417861	0
402432.5192413614	4133082.921934218	0
402432.8571625037	4133083.065183732	0
402433.1615600876	4133083.172834487	0
402433.4652557657	4133083.347166153	0
402433.8065033242	4133083.4931164663	0
402434.1014862346	4133083.5555706914	0
402434.44613650336	4133083.594755266	0
402434.7527771278	4133083.6134167584	0
402435.12298586825	4133083.6380749643	0
402435.45903017843	4133083.7148419316	0
402435.79417422303	4133083.7786236745	0
402436.13684084936	4133083.831785292	0
402440.14181521465	4133083.550489515	0
402440.4568023959	4133083.440458388	0
402440.7244720738	4133083.2899914673	0
402441.00309756247	4133083.0498028686	0
402441.2642822541	4133082.860120863	0
402441.5319671918	4133082.6943188636	0
402441.7453613568	4133082.475492571	0
402442.01414492505	4133082.273481461	0
402442.2576599406	4133082.082944961	0
402442.5124511994	4133081.825925918	0
402442.76940920803	4133081.6022320706	0
402443.0022125516	4133081.4057904184	0
402443.26075747446	4133081.17497072	0
402443.4848327907	4133080.974897475	0
402443.7144775662	4133080.7713757437	0
402443.9663086228	4133080.5491314847	0
402444.2464599889	4133080.3037243797	0
402444.50541689806	4133080.0699597336	0
402444.72994997987	4133079.8592816307	0
402444.9666900904	4133079.641309828	0
402445.1923828406	4133079.4363232595	0
402445.4211120887	4133079.218137831	0
402445.6711883836	4133078.9748669565	0
402445.83660891576	4133078.720472426	0
402446.04476931604	4133078.4949170086	0
402446.2678833289	4133078.2503338787	0
402446.48832705506	4133077.993284313	0
402446.69430544856	4133077.7266064584	0
402446.89067080437	4133077.4676648085	0
402447.0323486607	4133077.1962414715	0
402447.21789553645	4133076.9413586557	0
402447.4068451219	4133076.67709169	0
402447.59126284556	4133076.405531018	0
402447.7463684358	4133076.0651989877	0
402447.8632965379	4133075.744978038	0
402448.059524564	4133075.4602795537	0
402448.18208315823	4133075.1248608553	0
402448.23391726386	4133074.788160417	0
402448.362915068	4133074.447645276	0
402448.521789579	4133074.068723771	0
402448.6192932418	4133073.763898937	0
402448.64988711313	4133073.4546338073	0
402448.6509094509	4133073.128736588	0
402448.69387820276	4133072.76025209	0
402448.7797699249	4133072.411436171	0
402448.82472231844	4133072.103147599	0
402448.7848968784	4133071.7770825312	0
402448.79492190364	4133071.4178601233	0
402448.814849882	4133071.118116469	0
402448.80050662044	4133070.7782879784	0
402448.7855072309	4133070.4344311696	0
402448.7618561073	4133070.1311932495	0
402448.7122192654	4133069.817808242	0
402448.70327761536	4133069.4972821195	0
402448.6009979532	4133069.203901383	0
402448.53936770326	4133068.888959976	0
402448.4612274449	4133068.591474627	0
402448.39431765524	4133068.271436782	0
402448.3279571824	4133067.9781018207	0
402448.2566223424	4133067.6651745765	0
402448.1878204627	4133067.3612194955	0
402448.1078186326	4133067.005903337	0
402448.02258303575	4133066.6271191547	0
402447.90559390065	4133066.1085339524	0
402447.83308413456	4133065.787183851	0
402447.764694241	4133065.483884901	0
402447.69032290456	4133065.1540509183	0
402447.6171722695	4133064.829694838	0
402447.54327395465	4133064.5185528696	0
402447.462707547	4133064.105756851	0
402447.39768984774	4133063.762388319	0
402447.32876589627	4133063.468214122	0
402447.26106265036	4133063.1100903433	0
402447.18435671664	4133062.747175309	0
402447.11665347056	4133062.330061049	0
402447.0510864529	4133061.9507885883	0
402446.958740263	4133061.493848891	0
402446.88362124295	4133061.097089857	0
402446.827819853	4133060.7931500403	0
402446.76177981234	4133060.4312573383	0
402446.69841006154	4133060.0859662015	0
402446.62902834796	4133059.711134047	0
402446.5741119677	4133059.4155102693	0
402446.4986725133	4133059.0096722557	0
402446.4248352333	4133058.6120282128	0
402446.34597781143	4133058.1866742084	0
402446.27066042804	4133057.7801037743	0
402446.2108459756	4133057.45716676	0
402446.1292114533	4133057.016569228	0
402446.0487671184	4133056.582426161	0
402445.969406156	4133056.1542492816	0
402445.90942385583	4133055.8306256253	0
402445.8513183877	4133055.5171185466	0
402445.7687073041	4133055.0713635418	0
402445.68954470515	4133054.644224257	0
402445.61463930976	4133054.2440319983	0
402445.54370119906	4133053.861875627	0
402445.47358706535	4133053.4412365863	0
402445.3899078656	4133052.974531266	0
402445.32113650313	4133052.5982495253	0
402445.25827029254	4133052.2539196922	0
402445.1955871873	4133051.908201309	0
402445.13490298204	4133051.5711956937	0
402445.0789032269	4133051.2697125366	0
402445.0095978058	4133050.887952894	0
402444.98072817735	4133050.564329237	0
402444.9259033491	4133050.1642743037	0
402444.86645510606	4133049.824781507	0
402444.8121948521	4133049.502210705	0
402444.74392702954	4133049.0634442265	0
402444.67393496446	4133048.594999405	0
402444.6242981242	4133048.267377944	0
402444.57739260595	4133047.9623394934	0
402444.5260620408	4133047.631055923	0
402444.45523074	4133047.1726971557	0
402444.3886566454	4133046.7400799687	0
402444.3273163126	4133046.341352553	0
402444.2649841587	4133045.9358960125	0
402444.2002411172	4133045.5149212815	0
402444.1359558394	4133045.0971051157	0
402444.0772552774	4133044.6935254047	0
402444.01200869575	4133044.3145733783	0
402443.9297180452	4133043.854734514	0
402443.8587494168	4133043.4134808485	0
402443.8121795933	4133043.1161175678	0
402443.7472992216	4133042.7059918377	0
402443.6859588905	4133042.3250409067	0
402443.6314544962	4133041.98971376	0
402443.56190493575	4133041.5640088036	0
402443.47929385095	4133041.05773744	0
402443.4196167279	4133040.690717785	0
402443.33654787904	4133040.1768017733	0
402443.27427676186	4133039.7733593886	0
402443.2045135789	4133039.4041272122	0
402443.1417389206	4133039.0518780644	0
402443.08258059534	4133038.7177258446	0
402442.99775698513	4133038.314466565	0
402442.9275360381	4133037.9371624896	0
402442.8612518599	4133037.5581189133	0
402442.79185488564	4133037.1691723783	0
402442.7191772744	4133036.772794815	0
402442.6449737834	4133036.3732739403	0
402442.5802154813	4133036.0252514775	0
402442.4907226836	4133035.5434552175	0
402442.42581179657	4133035.192335216	0
402442.3643036176	4133034.858823869	0
402442.2922363556	4133034.467847915	0
402442.2129974656	4133034.038328262	0
402442.14872744563	4133033.6901684753	0
402442.0911255153	4133033.378278824	0
402442.02160647296	4133033.0019818265	0
402441.9669342316	4133032.7060376117	0
402441.9091949746	4133032.3935223534	0
402441.8405151646	4133032.021558853	0
402441.7838287626	4133031.714719865	0
402441.72659304674	4133031.4047070453	0
402441.65774538985	4133031.0318585355	0
402441.60102846986	4133030.7247143686	0
402441.5117492953	4133030.241300676	0
402441.4338226605	4133029.8193493797	0
402441.36370852403	4133029.439573379	0
402441.30615237076	4133029.1279431293	0
402441.245391874	4133028.7988415686	0
402441.17344668304	4133028.4093304607	0
402441.07742312446	4133027.889394852	0
402440.9824524204	4133027.3751584017	0
402440.9232635773	4133027.0545407296	0
402440.82449343737	4133026.5196209876	0
402440.73866274866	4133026.054845899	0
402440.68109133636	4133025.7430401766	0
402440.61941531213	4133025.409139722	0
402440.5386505417	4133024.9718075725	0
402440.4785919473	4133024.646612259	0
402440.41722109757	4133024.3142758342	0
402440.35456851	4133023.9749585115	0
402440.2754669464	4133023.5466442998	0
402440.2131958294	4133023.2093869154	0
402440.1511688514	4133022.8736477806	0
402440.07411196624	4133022.4561978304	0
402440.01177981275	4133022.11862001	0
402439.81242373475	4133021.595754716	0
402439.746292142	4133021.247503371	0
402439.67517092737	4133020.8726864755	0
402439.61410525243	4133020.5507107703	0
402439.55314639	4133020.2293759314	0
402439.4874878206	4133019.8833447425	0
402439.42924502306	4133019.5762387216	0
402439.3709717083	4133019.2691861107	0
402439.306625395	4133018.9300061204	0
402439.2318115516	4133018.5358181903	0
402439.1606140411	4133018.1606274555	0
402439.1035309129	4133017.8597775428	0
402439.03092959314	4133017.4770718548	0
402438.95254519326	4133017.0640316904	0
402438.87220767024	4133016.640592669	0
402438.79501345486	4133016.2336941715	0
402438.7386474901	4133015.936880202	0
402438.6817627233	4133015.6370526273	0
402438.61735537474	4133015.2976056077	0
402438.5585937789	4133014.987836929	0
402438.4996185582	4133014.677076434	0
402438.4315033248	4133014.31811342	0
402438.3685455614	4133013.9863186786	0
402438.2881927766	4133013.5628338787	0
402438.2194824507	4133013.2007962186	0
402438.15464785503	4133012.8590298593	0
402438.0870056431	4133012.502599808	0
402438.02580264024	4133012.18018922	0
402437.963668852	4133011.8528347965	0
402437.88897707855	4133011.4591427734	0
402437.8209839145	4133011.1008969247	0
402437.7425689973	4133010.6876202566	0
402437.665145903	4133010.279417129	0
402437.5898285186	4133009.8826199486	0
402437.51478579367	4133009.4872799865	0
402437.43635561946	4133009.073919391	0
402437.35749819677	4133008.658384415	0
402437.27903750463	4133008.2448330843	0
402437.2008667279	4133007.832883927	0
402437.11529543926	4133007.3819104177	0
402437.05764773395	4133007.0782299954	0
402437.00108340214	4133006.7801342933	0
402436.9438476848	4133006.4785901033	0
402436.88575747376	4133006.182279679	0
402436.8252106005	4133005.8529568654	0
402436.77302553994	4133005.5475293095	0
402436.6941681185	4133005.1144391005	0
402436.62648012995	4133004.7533551166	0
402436.5695190713	4133004.44875917	0
402436.4961242958	4133004.054075331	0
402436.41293337825	4133003.604116532	0
402436.3422851838	4133003.220716569	0
402436.2604065214	4133002.776823139	0
402436.1661835008	4133002.2666760394	0
402436.09696963197	4133001.892522902	0
402436.0310669235	4133001.536031813	0
402435.96873477043	4133001.198797319	0
402435.90502932394	4133000.8541699373	0
402435.8418731965	4133000.51231203	0
402435.7745666782	4133000.1480923607	0
402435.7044372844	4132999.76854524	0
402435.6282654085	4132999.3566418607	0
402435.55155947735	4132998.941625684	0
402435.4730377487	4132998.5166684124	0
402435.39480593655	4132998.093366716	0
402435.31700137106	4132997.6723385775	0
402435.22695925576	4132997.1850491497	0
402435.1445617947	4132996.7392483656	0
402435.0749512005	4132996.3675061194	0
402435.0090027135	4132996.017988295	0
402434.95825198083	4132995.682600114	0
402434.9053650183	4132995.3639660794	0
402434.8488159459	4132995.0518780677	0
402434.79435732734	4132994.7539044353	0
402434.73413088813	4132994.418378921	0
402434.6769104284	4132994.094266982	0
402434.61642458837	4132993.7482357924	0
402434.5565796182	4132993.4056530935	0
402434.49441531097	4132993.0511151277	0
402434.43106081855	4132992.6912137	0
402434.36764529184	4132992.3314495985	0
402434.3056335737	4132991.9909802405	0
402434.2491150185	4132991.6719876253	0
402434.21047976357	4132991.363233656	0
402434.16633608827	4132991.0607434222	0
402434.11134341196	4132990.732870195	0
402434.0534057894	4132990.393858046	0
402433.9933624546	4132990.036611646	0
402433.9376526163	4132989.696470352	0
402433.88395693834	4132989.363477797	0
402433.83430483856	4132989.054708572	0
402433.78607180656	4132988.756322951	0
402433.73001101427	4132988.412160965	0
402433.67749026255	4132988.0902234055	0
402433.6263122849	4132987.7630291902	0
402433.5674438765	4132987.4388104393	0
402433.5025024689	4132987.0663739163	0
402433.437866239	4132986.6688290555	0
402433.3613586704	4132986.2059765756	0
402433.30493166886	4132985.8706418006	0
402433.2474518104	4132985.5303708054	0
402433.1918792996	4132985.200567338	0
402433.1307831087	4132984.836324781	0
402433.0714569372	4132984.482214063	0
402433.00946047646	4132984.1127377446	0
402432.95109560865	4132983.7651806804	0
402432.8991546903	4132983.4558163616	0
402432.8330993926	4132983.0623455956	0
402432.76544192276	4132982.6591778724	0
402432.7102966581	4132982.33070955	0
402432.6295318896	4132981.8496151883	0
402432.5764923375	4132981.5334836	0
402432.52362063376	4132981.218496412	0
402432.46731570305	4132980.8831692655	0
402432.41209414357	4132980.5542889545	0
402432.35952761554	4132980.2412548973	0
402432.30091860634	4132979.892309279	0
402432.242782621	4132979.5455990755	0
402432.18785098026	4132979.2183285668	0
402432.13630679087	4132978.9112759577	0
402432.0726776415	4132978.532285782	0
402432.0244598679	4132978.2127896254	0
402431.9498596469	4132977.919248669	0
402431.88662722625	4132977.608076187	0
402431.83206179645	4132977.2855053837	0
402431.74128725845	4132976.9960766747	0
402431.608062772	4132976.7126751863	0
402431.548858671	4132976.3957196213	0
402431.38763430517	4132976.1254940927	0
402431.27969363163	4132975.8049908592	0
402431.1088562298	4132975.530614944	0
402430.95561221056	4132975.2714291518	0
402430.7553558641	4132975.0321789696	0
402430.59599307046	4132974.7554760915	0
402430.3674164099	4132974.5357113793	0
402430.1697082805	4132974.270650956	0
402429.92326357844	4132974.055624101	0
402429.7012481966	4132973.8386593796	0
402429.44403079053	4132973.658445451	0
402429.21801760665	4132973.4541226337	0
402428.93899538927	4132973.3130703913	0
402428.6775818154	4132973.1019192636	0
402428.3845978066	4132972.995573139	0
402428.08160403126	4132972.837087722	0
402427.81497195153	4132972.6938687325	0
402427.4828338899	4132972.6066037137	0
402427.18006899866	4132972.484418961	0
402426.86265566846	4132972.4257946922	0
402426.5543518354	4132972.342184159	0
402426.1816253944	4132972.282583329	0
402425.78603365796	4132972.2517834627	0
402425.46509554714	4132972.2004910433	0
402425.0750046059	4132972.197599503	0
402424.76760866964	4132972.217626665	0
402424.40718081396	4132972.209737866	0
402424.0819168369	4132972.217100234	0
402423.78183749225	4132972.266180131	0
402423.43082430767	4132972.2916699387	0
402423.1174545573	4132972.315740677	0
402422.7871856979	4132972.3597165053	0
402422.459327727	4132972.404516312	0
402422.1320801072	4132972.463468642	0
402421.8207321443	4132972.500776379	0
402421.4864349645	4132972.5464459374	0
402421.12631991366	4132972.6000958383	0
402420.79084017663	4132972.6490460355	0
402420.4293136881	4132972.7006817805	0
402420.0405350004	4132972.7553387624	0
402419.73773959046	4132972.822103591	0
402419.42255404365	4132972.860998245	0
402419.05039980815	4132972.937360855	0
402418.64429476735	4132973.0019055326	0
402418.3009567531	4132973.064748854	0
402417.94898226584	4132973.1356793353	0
402417.6274795815	4132973.1863766643	0
402417.2971954627	4132973.266752334	0
402416.98395541223	4132973.3234921424	0
402416.6484604167	4132973.386571974	0
402416.3693771654	4132973.3653088524	0
402416.0461349777	4132973.419576735	0
402415.6538925457	4132973.4853573786	0
402415.2367325112	4132973.555303665	0
402414.9346313765	4132973.6059628464	0
402414.60842135287	4132973.660680864	0
402414.25501254085	4132973.7199688866	0
402413.790962247	4132973.7978497436	0
402413.4558944984	4132973.854078385	0
402413.0610504438	4132973.9203396756	0
402412.731300383	4132973.9756756737	0
402412.3111648852	4132974.0461636507	0
402411.92465212796	4132974.1110135033	0
402411.546989469	4132974.1743832543	0
402411.1240005766	4132974.2453595106	0
402410.7157898229	4132974.313604447	0
402410.38380435016	4132974.364965529	0
402410.0710983561	4132974.4276562664	0
402409.7775726607	4132974.491094681	0
402409.4429016389	4132974.547773451	0
402409.11173251073	4132974.6120358403	0
402408.69310000463	4132974.7054196303	0
402408.4006271643	4132974.7967968923	0
402408.074333219	4132974.9122754075	0
402407.75878146075	4132974.982694717	0
402407.4309540085	4132975.0469494797	0
402407.1444244676	4132975.1412945697	0
402406.88372042705	4132975.3138562143	0
402406.564781218	4132975.4639264066	0
402406.23187258624	4132975.56145296	0
402405.90940859745	4132975.683660598	0
402405.54808047216	4132975.8389569237	0
402405.26377108425	4132975.958120437	0
402404.94374850334	4132976.080076309	0
402404.6351394945	4132976.2384091346	0
402404.3612518602	4132976.3905011155	0
402404.0550079631	4132976.542425247	0
402403.73003390303	4132976.6870938265	0
402403.45385745104	4132976.826101395	0
402403.2202835358	4132977.046209428	0
402402.94908907823	4132977.279897782	0
402402.6526108075	4132977.4639492948	0
402402.4182434374	4132977.67899141	0
402402.2135010042	4132977.9342099153	0
402401.9961624417	4132978.1451550457	0
402401.8036194128	4132978.3884869525	0
402401.6234970379	4132978.670477007	0
402401.2896576206	4132979.023580643	0
402401.0909958163	4132979.26708803	0
402400.8997879318	4132979.523168657	0
402400.7766647631	4132979.822408765	0
402400.5967254913	4132980.068548294	0
402400.3942642503	4132980.3626309354	0
402400.28223421925	4132980.699438186	0
402400.1665649705	4132980.9917126615	0
402399.9974670682	4132981.2669125516	0
402399.8711624438	4132981.5510464627	0
402399.81108859053	4132981.8958264324	0
402399.7650985988	4132982.2093335106	0
402399.67596438277	4132982.5540677044	0
402399.5712662031	4132982.8381634685	0
402399.5196991259	4132983.1594906766	0
402399.53717043885	4132983.465177627	0
402399.544639615	4132983.8083325387	0
402399.5296631148	4132984.1123486506	0
402399.55967715237	4132984.4408093416	0
402399.6248474413	4132984.7461148226	0
402399.62970736553	4132985.113416762	0
402399.6518631255	4132985.4948636023	0
402399.6844711579	4132985.8863354633	0
402399.7245178501	4132986.202917189	0
402399.77976992604	4132986.522726152	0
402399.8251877107	4132986.8324337904	0
402399.88683321956	4132987.179136366	0
402399.95020297106	4132987.5176754934	0
402400.0044479651	4132987.910848711	0
402400.0676956469	4132988.314764112	0
402400.1203460964	4132988.631536577	0
402400.1741104411	4132988.953695389	0
402400.24293520884	4132989.3720379784	0
402400.30196383526	4132989.7344571073	0
402400.35101321066	4132990.0370922997	0
402400.41919711046	4132990.457899183	0
402400.4751587185	4132990.8026944157	0
402400.54369357124	4132991.223981948	0
402400.6164856241	4132991.6707821814	0
402400.6894302645	4132992.118581861	0
402400.7662658964	4132992.590650651	0
402400.82827761554	4132992.97172365	0
402400.8893432895	4132993.348692032	0
402400.9610748569	4132993.8100644075	0
402401.02084353403	4132994.139127823	0
402401.1003036781	4132994.5732403733	0
402401.16526034375	4132994.925756548	0
402401.2576523105	4132995.434621901	0
402401.31668856513	4132995.776365373	0
402401.3888016033	4132996.193792434	0
402401.47328951705	4132996.677251907	0
402401.53875735303	4132997.0483990666	0
402401.608634977	4132997.4648495647	0
402401.6927795701	4132997.9073849632	0
402401.7581558514	4132998.2018261887	0
402401.8335800457	4132998.5151730487	0
402401.9086303997	4132998.8429242107	0
402401.9800949389	4132999.163602918	0
402402.0512390427	4132999.505025953	0
402402.1224746983	4132999.8555203406	0
402402.200058011	4133000.2264004652	0
402402.2821045211	4133000.6084347693	0
402402.37400820747	4133001.031988237	0
402402.4671249664	4133001.4503231966	0
402402.542739897	4133001.8153286916	0
402402.60701754544	4133002.162954422	0
402402.67206576205	4133002.4855175917	0
402402.7514725004	4133002.861936661	0
402402.8208236966	4133003.171743487	0
402402.89566805726	4133003.586088271	0
402402.9640121749	4133004.0070630037	0
402403.01201632555	4133004.3173275907	0
402403.0817795074	4133004.6814175583	0
402403.1444626136	4133005.005163283	0
402403.20762637036	4133005.345518201	0
402403.272232084	4133005.7061901987	0
402403.3385696693	4133006.080015275	0
402403.41082003526	4133006.4857235854	0
402403.4843979159	4133006.8963299715	0
402403.5613327307	4133007.3236218384	0
402403.63682559074	4133007.741560075	0
402403.70956423815	4133008.1447888347	0
402403.77796175913	4133008.5247174245	0
402403.83206179616	4133008.8254071195	0
402403.9044342317	4133009.2278195326	0
402403.96131899854	4133009.543989275	0
402404.03307345405	4133009.9428082416	0
402404.1117477706	4133010.3799344036	0
402404.18692019366	4133010.794881909	0
402404.26090243226	4133011.190069291	0
402404.311607389	4133011.522924516	0
402404.3571625044	4133011.821752639	0
402404.42237856716	4133012.2086087186	0
402404.5022812175	4133012.66500673	0
402404.57344820927	4133013.072080703	0
402404.64302828803	4133013.4762631394	0
402404.7144699381	4133013.8953991868	0
402404.774459868	4133014.2485638605	0
402404.83320620516	4133014.5942517235	0
402404.9099197658	4133015.044721695	0
402404.99070742604	4133015.517973039	0
402405.07087710395	4133015.9871884296	0
402405.1579361239	4133016.49674806	0
402405.23967745836	4133016.975370497	0
402405.3244324011	4133017.471929642	0
402405.38301852124	4133017.815191361	0
402405.4409561448	4133018.154707045	0
402405.52064516937	4133018.621549698	0
402405.61563876097	4133019.177892777	0
402405.69305422745	4133019.631406877	0
402405.75623324455	4133020.0014630295	0
402405.8178711209	4133020.3625241243	0
402405.90041354194	4133020.846082779	0
402405.9828186319	4133021.3287716815	0
402406.0575943283	4133021.766790482	0
402406.1110840115	4133022.0801983806	0
402406.1698837557	4133022.4246731694	0
402406.2370147982	4133022.817937944	0
402406.3113479903	4133023.2534008934	0
402406.37422183016	4133023.621656506	0
402406.43485262746	4133023.9768277127	0
402406.49121859495	4133024.3069287287	0
402406.54575350665	4133024.626394365	0
402406.59815218876	4133024.933408829	0
402406.6488037392	4133025.230115982	0
402406.7108154588	4133025.5934658945	0
402406.7644424711	4133025.907613849	0
402406.82513430546	4133026.2631207453	0
402406.8777160916	4133026.5722485525	0
402406.9367676067	4133026.956464859	0
402407.0327606483	4133027.2691403343	0
402407.1054611492	4133027.58079347	0
402407.1765289586	4133027.879560564	0
402407.2929687774	4133028.167692275	0
402407.42695620557	4133028.43983278	0
402407.5032043749	4133028.7659893935	0
402407.63912966725	4133029.1357403733	0
402407.83728793054	4133029.409101579	0
402408.0278930953	4133029.6568280165	0
402408.2185516644	4133029.99096498	0
402408.457611113	4133030.246030895	0
402408.7295456216	4133030.5000134404	0
402408.9289856227	4133030.794401259	0
402409.13583376864	4133031.046903704	0
402409.4004669463	4133031.23931703	0
402409.6521759315	4133031.4031353937	0
402409.9248428615	4133031.5740185683	0
402410.2163849149	4133031.732297992	0
402410.50113680854	4133031.8507977445	0
402410.81805422786	4133031.9575024582	0
402411.1450348191	4133032.0381298983	0
402411.50661471253	4133032.094480603	0
402411.85083010606	4133032.1300335843	0
402412.1688919358	4133032.1182232816	0
402412.4815902987	4133032.168089005	0
402412.81407931313	4133032.1328259446	0
402413.1963959021	4133032.1089001657	0
402413.59455111535	4133032.1211682283	0
402413.96930697444	4133032.106626603	0
402414.3105774216	4133032.0116253826	0
402414.64305117534	4133031.9239636357	0
402414.95864870923	4133031.907331557	0
402415.27316286915	4133031.874067394	0
402415.65673830995	4133031.814222429	0
402415.96682742017	4133031.762693494	0
402416.28178408684	4133031.712461563	0
402416.6279297146	4133031.660261246	0
402416.96749117714	4133031.610578629	0
402417.3155136388	4133031.5597210834	0
402417.7694626142	4133031.4923993093	0
402418.156250028	4133031.4345074636	0
402418.45404055447	4133031.3899060218	0
402418.7524490631	4133031.345228283	0
402419.0847931178	4133031.2954998924	0
402419.4592743209	4133031.2395306537	0
402419.7911529831	4133031.1900158827	0
402420.209365872	4133031.127576919	0
402420.55321505567	4133031.07627687	0
402421.0110397613	4133031.007932754	0
402421.49398806423	4133030.9358044583	0
402421.8053131388	4133030.889326185	0
402422.26305392187	4133030.8209668114	0
402422.5745392135	4133030.7744427645	0
402422.973770169	4133030.7173443753	0
402423.4694290434	4133030.646497817	0
402423.877342253	4133030.5656262347	0
402424.2488251021	4133030.489286513	0
402424.68780520343	4133030.4104748704	0
402425.0946655561	4133030.3432293856	0
402425.5048294356	4133030.276197526	0
402425.8827591223	4133030.213377091	0
402426.30604555993	4133030.144804091	0
402426.63961794827	4133030.069486707	0
402426.9638290684	4133029.9965649573	0
402427.2709045686	4133029.934141246	0
402427.6165542891	4133029.863432022	0
402428.03598025354	4133029.783811658	0
402428.4255829137	4133029.7083874666	0
402428.7600403109	4133029.6416150075	0
402429.1224212919	4133029.5683575612	0
402429.4984894072	4133029.4925366356	0
402429.90576174745	4133029.4108563364	0
402430.22558596544	4133029.3469067547	0
402430.6570740038	4133029.260801408	0
402431.20071413886	4133029.152280897	0
402431.60746768035	4133029.0710125878	0
402432.000503568	4133028.992414566	0
402432.403945952	4133028.9117260906	0
402432.87084963813	4133028.818357559	0
402433.27093508677	4133028.7383862427	0
402433.8126220991	4133028.630079362	0
402434.1371612826	4133028.5651989887	0
402434.5633087431	4133028.479978652	0
402434.87266543356	4133028.4181500417	0
402435.34503176645	4133028.3236981356	0
402435.7971191681	4133028.2333203265	0
402436.2971802032	4133028.133329484	0
402436.63374331454	4133028.0631695725	0
402436.94609072653	4133027.9962903005	0
402437.40682986105	4133027.936765761	0
402437.7996521271	4133027.9641858046	0
402438.1108856483	4133027.9730206453	0
402438.4327545449	4133027.9314785954	0
402438.86146548274	4133027.86458406	0
402439.2653045925	4133027.8743039095	0
402439.5933685589	4133027.9129467937	0
402439.9111023237	4133027.909498307	0
402440.22918703913	4133027.914648146	0
402440.5576782513	4133027.909803481	0
402440.9036712922	4133027.993597123	0
402441.18600466684	4133028.0962964008	0
402441.478668242	4133028.194349381	0
402441.76858523337	4133028.3225995023	0
402442.05380251765	4133028.465971086	0
402442.3048858921	4133028.641584489	0
402442.61911013606	4133028.789030166	0
402442.9188843052	4133028.9373608534	0
402443.1724548616	4133029.1855298	0
402443.49105837813	4133029.392255875	0
402443.71720889	4133029.6156445476	0
402443.9310455604	4133029.883527846	0
402444.13934329053	4133030.1391278245	0
402444.33815005235	4133030.428846452	0
402444.55369570764	4133030.6519909846	0
402444.71926882735	4133030.905073261	0
402444.86898806575	4133031.2337780935	0
402445.0038605019	4133031.51605043	0
402445.1000671665	4133031.810575574	0
402445.1725311555	4133032.102521985	0
402445.2312622353	4133032.4096203744	0
402445.3080444628	4133032.751005262	0
402445.39018252277	4133033.054365252	0
402445.42411807005	4133033.3658123934	0
402445.4770355515	4133033.6917859004	0
402445.55348208285	4133034.0417462327	0
402445.618209866	4133034.4116497976	0
402445.69000247	4133034.784208393	0
402445.7538452426	4133035.1219006474	0
402445.8204498582	4133035.4776593195	0
402445.8938751508	4133035.8692761376	0
402445.95349123934	4133036.1863842923	0
402446.0194244673	4133036.536802382	0
402446.10128786945	4133036.9719067523	0
402446.1587219511	4133037.2772656344	0
402446.24366762955	4133037.729063123	0
402446.3154907515	4133038.1112042363	0
402446.42643740517	4133038.7012921297	0
402446.51257327135	4133039.15945253	0
402446.5941009812	4133039.593076796	0
402446.6797485631	4133040.0485821664	0
402446.75628664874	4133040.4557171767	0
402446.83036807	4133040.849836436	0
402446.90419009235	4133041.2423993046	0
402446.97506716696	4133041.619550795	0
402447.04420474067	4133041.987150285	0
402447.13653567235	4133042.4783764775	0
402447.22325137083	4133042.9396038954	0
402447.30589297286	4133043.3791485736	0
402447.3884735396	4133043.8184948857	0
402447.46534731775	4133044.227384657	0
402447.5392761509	4133044.6205426184	0
402447.6084900174	4133044.988691421	0
402447.67539980926	4133045.3446942284	0
402447.73797610204	4133045.6774426396	0
402447.8101959499	4133046.061689466	0
402447.869461088	4133046.3768902724	0
402447.93270876806	4133046.7131634653	0
402447.99824526825	4133047.0618115384	0
402448.08636477345	4133047.530607314	0
402448.16227724974	4133047.934385387	0
402448.226852445	4133048.2778759925	0
402448.2969513219	4133048.6508007958	0
402448.3710022245	4133049.0447216956	0
402448.4469909958	4133049.448804946	0
402448.5189209257	4133049.831419079	0
402448.57688906655	4133050.139616103	0
402448.6514282506	4133050.5362225506	0
402448.707550077	4133050.8346386845	0
402448.80441287055	4133051.3497754056	0
402448.8623810085	4133051.6581555335	0
402448.93067934987	4133052.0215283376	0
402449.00013735786	4133052.390836808	0
402449.0826416306	4133052.829816909	0
402449.1516723907	4133053.196989151	0
402449.22970583814	4133053.612043472	0
402449.28897097544	4133053.927274793	0
402449.3597259791	4133054.3037091205	0
402449.43792727427	4133054.719572156	0
402449.5060272496	4133055.0819683988	0
402449.60107424634	4133055.5948163	0
402449.6636352819	4133055.9256115854	0
402449.74293520907	4133056.311430064	0
402449.8291626258	4133056.751508805	0
402449.90574648837	4133057.15211305	0
402449.9646301555	4133057.4613018944	0
402450.03569033573	4133057.8328228914	0
402450.11436465173	4133058.242323016	0
402450.1925201694	4133058.6526165917	0
402450.2620544715	4133059.0291577308	0
402450.3451080612	4133059.384855362	0
402450.42152407544	4133059.7173748915	0
402450.50463870045	4133060.123258683	0
402450.5772857943	4133060.48882875	0
402450.63644411974	4133060.7832013085	0
402450.7100677778	4133061.1436596834	0
402450.79789736756	4133061.5682202294	0
402450.8879242223	4133062.001234143	0
402450.9667206095	4133062.3803235	0
402451.0389557157	4133062.7289257976	0
402451.172637967	4133063.375700089	0
402451.23924258194	4133063.6984692556	0
402451.33509829466	4133064.162702651	0
402451.40837099904	4133064.5173779447	0
402451.47496035456	4133064.8395520146	0
402451.56280520465	4133065.2644024794	0
402451.62472536927	4133065.564024065	0
402451.724197415	4133066.045164201	0
402451.809249907	4133066.4567242544	0
402451.8919372841	4133066.8567944495	0
402451.97395327454	4133067.253675552	0
402452.06863406097	4133067.711805436	0
402452.1311035428	4133068.0141888573	0
402452.2155304227	4133068.422666643	0
402452.2903290086	4133068.784528823	0
402452.3554535202	4133069.0996533367	0
402452.45991519035	4133069.604963391	0
402452.5223694126	4133069.9071484497	0
402452.5878753953	4133070.224180314	0
402452.673721342	4133070.6394940354	0
402452.7783050812	4133071.1454449603	0
402452.87989809975	4133071.6369458158	0
402452.95947268436	4133072.0115643446	0
402453.038558988	4133072.3847332913	0
402453.1164856235	4133072.8505993816	0
402453.1994476601	4133073.3170453026	0
402453.29447939724	4133073.7888928344	0
402453.36128237634	4133074.149137588	0
402453.4244385052	4133074.5017376863	0
402453.4935303009	4133074.8728466937	0
402453.5630493455	4133075.243131727	0
402453.6496582312	4133075.7048169104	0
402453.72711184435	4133076.1195355398	0
402453.8061218546	4133076.5434552166	0
402453.8895721728	4133076.991666883	0
402453.97428896907	4133077.446394057	0
402454.05876162415	4133077.899519057	0
402454.14349368075	4133078.3539257934	0
402454.2262268346	4133078.797437759	0
402454.3115234646	4133079.2549725473	0
402454.4033203408	4133079.7473278968	0
402454.4695129668	4133080.1023083674	0
402454.5292206099	4133080.4226056044	0
402454.59814455855	4133080.792265031	0
402454.68261721544	4133081.245313735	0
402454.7665405555	4133081.6716900775	0
402454.8421325959	4133082.0672131507	0
402454.89022829995	4133082.4334393465	0
402454.899230986	4133082.7915783846	0
402454.86361697095	4133083.15501222	0
402454.8113098436	4133083.4910260146	0
402454.7967376998	4133083.819517228	0
402454.80085757293	4133084.2370587303	0
402454.76412966684	4133084.575956435	0
402454.6934662137	4133084.8729992807	0
402454.5863342555	4133085.17140016	0
402454.4176941203	4133085.564512346	0
402454.33224490087	4133085.879301162	0
402454.1669006627	4133086.2524853656	0
402453.97570803616	4133086.590940566	0
402453.82891848555	4133086.934431165	0
402453.6638641629	4133087.2889080956	0
402453.47830202896	4133087.721632095	0
402453.33226015914	4133088.034818742	0
402453.11093142396	4133088.364896862	0
402452.8898773483	4133088.611448376	0
402452.67810061364	4133088.8308392474	0
402452.4052429473	4133089.0839367798	0
402452.1594085978	4133089.396467299	0
402451.9259491253	4133089.630582901	0
402451.67350771837	4133089.8030987694	0
402451.35060122376	4133089.970182509	0
402451.0859222702	4133090.136869522	0
402450.81445315375	4133090.34606752	0
402450.50073244947	4133090.49287233	0
402450.1806946081	4133090.671110241	0
402449.8965454391	4133090.7693158095	0
402449.5831909453	4133090.8599682776	0
402449.2730865758	4133090.910383316	0
402448.9570465372	4133091.0240307744	0
402448.61364748795	4133091.1354046767	0
402448.23588564905	4133091.172468276	0
402447.86560061504	4133091.290174576	0
402447.53495791304	4133091.3672619755	0
402447.1733551307	4133091.4497967674	0
402446.8107757841	4133091.5367108323	0
402446.49836733704	4133091.6125775315	0
402446.2018738068	4133091.6841412503	0
402445.8524475372	4133091.767881483	0
402445.53599551093	4133091.843549819	0
402445.2418976122	4133091.9139538715	0
402444.92741396814	4133091.989362807	0
402444.6008758816	4133092.067716686	0
402444.2444916052	4133092.153211685	0
402443.89166262624	4133092.237836927	0
402443.51626589766	4133092.3278790447	0
402443.0381775187	4133092.4424878056	0
402442.7292938511	4133092.5165539724	0
402442.3269348431	4133092.6130810706	0
402442.006256131	4133092.6899853665	0
402441.5856781277	4133092.7908307025	0
402441.15991213836	4133092.8929577773	0
402440.63349917403	4133093.0191937387	0
402440.1848297394	4133093.1268139803	0
402439.74057009723	4133093.2328473064	0
402439.4083404822	4133093.3124981825	0
402439.00424197054	4133093.409559339	0
402438.5317688264	4133093.5232067998	0
402438.23449709883	4133093.5951672485	0
402437.8815765671	4133093.6799145644	0
402437.5652160934	4133093.755674454	0
402437.22776797344	4133093.83561525	0
402436.9108734413	4133093.914594742	0
402436.5527344032	4133094.0006848266	0
402436.25051882805	4133094.072446914	0
402435.95376589615	4133094.142789932	0
402435.5969543745	4133094.2263623206	0
402435.29295351915	4133094.3012371967	0
402434.95523074106	4133094.3823834383	0
402434.590377836	4133094.469846815	0
402434.2892914105	4133094.5418377826	0
402433.8857574748	4133094.6381512615	0
402433.3908539107	4133094.756452652	0
402432.8919525434	4133094.8760968167	0
402432.49269106775	4133094.9719372718	0
402432.0660400669	4133095.0766735994	0
402431.727264433	4133095.16181764	0
402431.36331179494	4133095.2385540903	0
402430.94493105897	4133095.3217450115	0
402430.55053713644	4133095.382490248	0
402430.17453005654	4133095.4484845097	0
402429.82015994046	4133095.506101698	0
402429.40866091766	4133095.568937391	0
402429.0942993441	4133095.6112194965	0
402428.7791443163	4133095.6594372704	0
402428.4366455353	4133095.716138929	0
402428.1039734177	4133095.761488052	0
402427.78604891826	4133095.7852307265	0
402427.4676666542	4133095.817258927	0
402427.15689852706	4133095.859129044	0
402426.7075500763	4133095.9219799987	0
402426.3617782883	4133095.967405412	0
402426.0320434849	4133096.0130749643	0
402425.69256594684	4133096.0517102187	0
402425.3091430947	4133096.043607803	0
402424.92877962906	4133095.958738416	0
402424.5972290315	4133095.8890515296	0
402424.2462158489	4133095.883970351	0
402423.92668917513	4133095.888639542	0
402423.5947799973	4133095.809965226	0
402423.21716311405	4133095.656919567	0
402422.88889315625	4133095.5181561443	0
402422.562690764	4133095.4357892014	0
402422.21183016826	4133095.3586255023	0
402421.86730196833	4133095.2541180593	0
402421.56768038706	4133095.1608715975	0
402421.19503024063	4133095.017667861	0
402420.8788757609	4133094.8691998445	0
402420.5727386757	4133094.783506483	0
402420.25233462226	4133094.6259289715	0
402419.8874359421	4133094.4848004295	0
402419.60236361483	4133094.344343279	0
402419.3033371261	4133094.1466961834	0
402418.98875430087	4133093.9777813847	0
402418.7092056567	4133093.8261395395	0
402418.4511490149	4133093.652799698	0
402418.18383791816	4133093.3726483285	0
402417.9485626497	4133093.1212750385	0
402417.71636965766	4133092.8591900794	0
402417.4407501493	4133092.6532727173	0
402417.2440567294	4133092.41270265	0
402417.0803756999	4133092.122297379	0
402416.92486575	4133091.8044415405	0
402416.722366362	4133091.487699601	0
402416.5259552278	4133091.2470990117	0
402416.3356094648	4133090.9618664677	0
402416.17140963447	4133090.642042249	0
402416.0582733441	4133090.3524609515	0
402415.92350771895	4133090.0596905686	0
402415.78841402906	4133089.733060926	0
402415.6964874538	4133089.4355908334	0
402415.6176452924	4133089.1040631277	0
402415.4914627352	4133088.790586562	0
402415.39423373074	4133088.4898816044	0
402415.32063296216	4133088.172269913	0
402415.21308901743	4133087.831846328	0
402415.09228518413	4133087.4436779926	0
402414.98244479205	4133087.0706921523	0
402414.87555697374	4133086.721616833	0
402414.8051529216	4133086.427030655	0
402414.72824862483	4133086.084272477	0
402414.68170168856	4133085.782133195	0
402414.61309817346	4133085.4706555298	0
402414.534027127	4133085.047971816	0
402414.4680557534	4133084.6910839966	0
402414.4041519456	4133084.393278213	0
402414.33869173995	4133084.0662213266	0
402414.28198245063	4133083.7701703003	0
402414.2130050938	4133083.4069806077	0
402414.14767458895	4133083.06544313	0
402414.0782699873	4133082.7055188105	0
402413.99011233303	4133082.250593279	0
402413.9077606473	4133081.825529192	0
402413.8231506632	4133081.3880139305	0
402413.7617340373	4133081.0700970613	0
402413.6741485875	4133080.6165142977	0
402413.6095962798	4133080.282194228	0
402413.544265775	4133079.943891615	0
402413.4872284205	4133079.6486798204	0
402413.42317965435	4133079.3172131493	0
402413.35540774337	4133078.9664898836	0
402413.27046969376	4133078.5268841702	0
402413.18180086964	4133078.0679455735	0
402413.1199035935	4133077.7475262596	0
402413.0570144929	4133077.4218426654	0
402412.9672928127	4133076.95745668	0
402412.9001007372	4133076.6097851703	0
402412.83963015454	4133076.296903702	0
402412.7764587689	4133075.969984143	0
402412.6888962072	4133075.5168744056	0
402412.5932388583	4133075.02192506	0
402412.52195742447	4133074.6530590956	0
402412.4359817775	4133074.2081738403	0
402412.3673248573	4133073.8528881976	0
402412.263191252	4133073.3140393235	0
402412.1957321438	4133072.964948746	0
402412.11953738134	4133072.5707074124	0
402412.01288607594	4133072.0188122704	0
402411.93045809685	4133071.592329116	0
402411.82979586546	4133071.0714398334	0
402411.71172335563	4133070.4605389587	0
402411.6507721221	4133070.1451550415	0
402411.51793673367	4133069.457822891	0
402411.44834139675	4133069.0977154667	0
402411.31484225224	4133068.40693483	0
402411.2461166659	4133068.051282972	0
402411.1600342075	4133067.6058331453	0
402411.027092007	4133066.917951673	0
402410.9017639436	4133066.269407362	0
402410.8053665445	4133065.7705822904	0
402410.68027499097	4133065.1233044574	0
402410.5777282994	4133064.592634292	0
402410.45334628044	4133063.949049086	0
402410.3422928148	4133063.374311537	0
402410.1825180333	4133062.547681901	0
402410.08175662026	4133062.026228042	0
402409.95798495156	4133061.385786146	0
402409.89531710604	4133061.0615216186	0
402409.81964876974	4133060.6699353163	0
402409.6943512255	4133060.0216046306	0
402409.6016998577	4133059.542158219	0
402409.4777450834	4133058.900770278	0
402409.3885116863	4133058.4390850984	0
402409.2667084029	4133057.808851335	0
402409.1801910676	4133057.361173719	0
402409.0580597206	4133056.72912416	0
402408.97185519245	4133056.2831250126	0
402408.86042025546	4133055.7064801143	0
402408.7351837443	4133055.0584088266	0
402408.6208801551	4133054.466962906	0
402408.5611343669	4133054.1576825106	0
402408.40681460313	4133053.359220595	0
402408.2889175702	4133052.749113176	0
402408.2128982815	4133052.355817885	0
402408.09583285346	4133051.750028701	0
402408.02514651325	4133051.384290783	0
402407.9132843307	4133050.80547914	0
402407.8436432164	4133050.445127574	0
402407.76663210837	4133050.0467205946	0
402407.6712188993	4133049.553052992	0
402407.56314089685	4133048.9937573397	0
402407.49742129305	4133048.653745742	0
402407.3954086589	4133048.1259137117	0
402407.32755282253	4133047.7747631967	0
402407.25885012496	4133047.4192791893	0
402407.1642914102	4133046.9299603435	0
402407.09958651464	4133046.5951977656	0
402407.0060348789	4133046.111066907	0
402406.93993380526	4133045.7693310664	0
402406.8464279453	4133045.3090039184	0
402406.7847442902	4133044.990797134	0
402406.7152557655	4133044.5889569214	0
402406.62406161183	4133044.050199603	0
402406.57098391437	4133043.7407818777	0
402406.4952621752	4133043.307111835	0
402406.4273605621	4133042.924924943	0
402406.30243685574	4133042.2323285057	0
402406.24877169624	4133041.935651873	0
402406.1765899945	4133041.536314101	0
402406.0500030805	4133040.8333264305	0
402405.996986417	4133040.537717911	0
402405.9306259443	4133040.167066664	0
402405.7733612347	4133039.2872296283	0
402405.6934280677	4133038.840101335	0
402405.63675692445	4133038.5232525757	0
402405.5132675448	4133037.8331890986	0
402405.419509915	4133037.3095227187	0
402405.3573303509	4133036.9622021653	0
402405.2968521406	4133036.624525162	0
402405.2421264934	4133036.318845842	0
402405.16371157684	4133035.880949114	0
402405.0809860506	4133035.418943497	0
402404.98622897215	4133034.8896008455	0
402404.9086914348	4133034.4565411527	0
402404.8550720495	4133034.156980603	0
402404.77756503096	4133033.7240887615	0
402404.6721573155	4133033.1353436434	0
402404.60150149243	4133032.74062929	0
402404.5106811796	4133032.233320328	0
402404.45252993435	4133031.908445449	0
402404.3970871257	4133031.598783585	0
402404.326499967	4133031.204496476	0
402404.27251437097	4133030.9029217684	0
402404.2023620881	4133030.5111065805	0
402404.1221771529	4133030.0632763817	0
402404.0398178374	4133029.603208633	0
402403.94461825397	4133029.0714550926	0
402403.8627014444	4133028.6139355614	0
402403.793838529	4133028.229261492	0
402403.7156372348	4133027.7924557645	0
402403.6083298003	4133027.1930142366	0
402403.51159670873	4133026.652662368	0
402403.4566040316	4133026.345472428	0
402403.35159304505	4133025.7590084993	0
402403.290275601	4133025.416524977	0
402403.2319641405	4133025.0907956073	0
402403.150810269	4133024.6375561673	0
402403.0433502486	4133024.0372601473	0
402402.93855288415	4133023.4516659733	0
402402.85503390274	4133022.98508272	0
402402.7998047149	4133022.6766110365	0
402402.71164706105	4133022.184377763	0
402402.6543731965	4133021.8644009545	0
402402.5906448637	4133021.5086651775	0
402402.5071564008	4133021.0427075336	0
402402.41035464185	4133020.502447219	0
402402.3198395049	4133019.997228714	0
402402.24961092975	4133019.605131241	0
402402.14971926704	4133019.0475369403	0
402402.0758438388	4133018.6350995023	0
402401.97731783905	4133018.0849896376	0
402401.79859164124	4133017.087125867	0
402401.68539431493	4133016.4551449725	0
402401.61858370656	4133016.082105729	0
402401.50708773464	4133015.4595852806	0
402401.4073181434	4133014.9026547396	0
402401.33600619325	4133014.504537674	0
402401.28061678744	4133014.1953183133	0
402401.18975832826	4133013.68807039	0
402401.10939791735	4133013.2394772493	0
402400.961898832	4133012.413961502	0
402400.91044619464	4133012.1126919705	0
402400.8464126872	4133011.737722488	0
402400.7511215494	4133011.2324658344	0
402400.6469421658	4133010.730138869	0
402400.57862856786	4133010.4026699997	0
402400.4724502847	4133009.888219926	0
402400.3748169219	4133009.4065609872	0
402400.3156204508	4133009.1105099637	0
402400.2565918261	4133008.812711808	0
402400.1658020292	4133008.3514004657	0
402400.1073990152	4133008.053426831	0
402400.01828768576	4133007.598661515	0
402399.930267363	4133007.1502972543	0
402399.8210449497	4133006.5958462646	0
402399.7391586584	4133006.181425188	0
402399.60523226805	4133005.505018326	0
402399.5375900543	4133005.1635418856	0
402399.45877840935	4133004.7656231835	0
402399.365310696	4133004.267683119	0
402399.2925262733	4133003.9108105614	0
402399.2121200841	4133003.559728711	0
402399.10604098276	4133003.09306154	0
402399.03900912264	4133002.7877102788	0
402398.94749453384	4133002.360006422	0
402398.86748507404	4133001.9817791893	0
402398.77788546553	4133001.5549832294	0
402398.6931305224	4133001.1513653724	0
402398.61280825536	4133000.7710247952	0
402398.54487612617	4133000.4508954007	0
402398.47070315224	4133000.102308363	0
402398.3505554473	4132999.546087355	0
402398.2542877475	4132999.1157895043	0
402398.18247988593	4132998.729078385	0
402398.11331179657	4132998.312368483	0
402398.04558566044	4132997.93897066	0
402397.95948794426	4132997.4964734027	0
402397.8738785072	4132997.06923494	0
402397.80397799506	4132996.7191906907	0
402397.7386856371	4132996.3872738797	0
402397.65243533044	4132995.9425946213	0
402397.5664749427	4132995.495855423	0
402397.4820556926	4132995.057424638	0
402397.3941345487	4132994.602766128	0
402397.3062973315	4132994.149831866	0
402397.2148742968	4132993.6787320073	0
402397.1246338179	4132993.2135525667	0
402397.0573349282	4132992.866384597	0
402396.9816818517	4132992.476049512	0
402396.896934537	4132992.0385571457	0
402396.8362655929	4132991.725416272	0
402396.7435837071	4132991.2486935565	0
402396.6444855013	4132990.764082044	0
402396.59269717144	4132990.408033462	0
402396.54420474044	4132990.0588360755	0
402396.4862518591	4132989.7349072425	0
402396.4354858688	4132989.4143353426	0
402396.3839645676	4132989.10282716	0
402396.3268890652	4132988.770322893	0
402396.2606735509	4132988.378271196	0
402396.1908645908	4132987.956548779	0
402396.1322555814	4132987.609472364	0
402396.0619201941	4132987.2189007695	0
402396.016639737	4132986.8111630413	0
402396.04111483437	4132986.4547024677	0
402396.11334994267	4132986.1087552034	0
402396.1230087558	4132985.7906475966	0
402396.097175627	4132985.4610882695	0
402396.0858841225	4132985.119367687	0
402396.09667208686	4132984.7567578275	0
402396.11376955995	4132984.429273698	0
402396.14390566794	4132984.0836544954	0
402396.14751437155	4132983.7093029916	0
402396.15787508944	4132983.3348751985	0
402396.16859438835	4132983.0157605107	0
402396.18973544065	4132982.69196138	0
402396.2792282385	4132982.369054887	0
402396.28881075827	4132982.0610028245	0
402396.31013491587	4132981.7324276925	0
402396.4240341462	4132981.4408932617	0
402396.4779358201	4132981.138403027	0
402396.52546694654	4132980.813558671	0
402396.6202392854	4132980.525076004	0
402396.77019503585	4132980.2273236252	0
402396.8673401171	4132979.9139691317	0
402396.96457674855	4132979.583288286	0
402397.08166506694	4132979.243665787	0
402397.2089538862	4132978.907079788	0
402397.3895721711	4132978.645879838	0
402397.5333557399	4132978.321783158	0
402397.66061404155	4132977.9714947687	0
402397.85872653045	4132977.728147597	0
402398.08370974526	4132977.476835342	0
402398.25318148616	4132977.1395627013	0
402398.4671707436	4132976.8762875525	0
402398.7164612096	4132976.6146374648	0
402398.9179764067	4132976.3262463543	0
402399.15274050605	4132976.0813046405	0
402399.38372805476	4132975.8072491586	0
402399.5942764567	4132975.58940706	0
402399.8030090623	4132975.367048354	0
402400.062995939	4132975.15729341	0
402400.328956633	4132974.9161511334	0
402400.5864181806	4132974.651441666	0
402400.8720932291	4132974.451856704	0
402401.1327209756	4132974.2860165546	0
402401.38713839557	4132974.1060772873	0
402401.68001559266	4132973.9684887845	0
402401.95048525685	4132973.797643753	0
402402.2120971957	4132973.6225491455	0
402402.5533218654	4132973.438161942	0
402402.87322237965	4132973.2801648094	0
402403.21047976357	4132973.1504651015	0
402403.50798800343	4132973.013380139	0
402403.78098299867	4132972.8736401503	0
402404.0670547767	4132972.7365857046	0
402404.37007906835	4132972.592802141	0
402404.6872482589	4132972.469091507	0
402404.98762515106	4132972.346899125	0
402405.2796249677	4132972.2359295804	0
402405.60604098305	4132972.1193295433	0
402405.91390993923	4132972.07023439	0
402406.21514132374	4132972.028532119	0
402406.52075961087	4132971.9490185725	0
402406.9121704375	4132971.861478897	0
402407.22169497376	4132971.792493914	0
402407.59020998975	4132971.712186904	0
402408.01197817764	4132971.6206952035	0
402408.3129043869	4132971.5536023085	0
402408.617340115	4132971.5231381366	0
402408.93126681173	4132971.513219925	0
402409.246475248	4132971.4774762113	0
402409.5506058028	4132971.4205532977	0
402409.8433151523	4132971.339353651	0
402410.1497955603	4132971.2815152127	0
402410.5055465972	4132971.209943861	0
402410.9332123079	4132971.1229000995	0
402411.37320711964	4132971.034170242	0
402411.73323824775	4132970.961980909	0
402412.03879549855	4132970.903028578	0
402412.3966217327	4132970.825094313	0
402412.69290926924	4132970.761221025	0
402412.99375918286	4132970.699644179	0
402413.33249667106	4132970.6312390286	0
402413.69152071804	4132970.5583630526	0
402414.0775223049	4132970.479124163	0
402414.47169497504	4132970.3978558513	0
402414.90937045007	4132970.3074856703	0
402415.3369903856	4132970.2193051293	0
402415.7945099167	4132970.125120256	0
402416.2436447431	4132970.032728289	0
402416.54322817706	4132969.971098034	0
402416.8390579502	4132969.910482498	0
402417.1934051787	4132969.8413678133	0
402417.5127258575	4132969.7736264192	0
402418.0414276415	4132969.6447430574	0
402418.47357943584	4132969.5470639197	0
402418.8037948885	4132969.4760189936	0
402419.3559265422	4132969.3579922616	0
402419.6988754544	4132969.2838421757	0
402420.01286318654	4132969.2153454744	0
402420.36794283835	4132969.1373578054	0
402420.841720609	4132969.0328732454	0
402421.29911806935	4132968.932081312	0
402421.60377505294	4132968.865095229	0
402422.07495883026	4132968.7617016733	0
402422.5576782505	4132968.6558819753	0
402422.92092135386	4132968.576253982	0
402423.23388674593	4132968.5076123215	0
402423.7105484285	4132968.4030285804	0
402424.0863266271	4132968.3205548255	0
402424.56771853403	4132968.2149105994	0
402424.8703613562	4132968.14847383	0
402425.1979065217	4132968.076597306	0
402425.55664828344	4132967.997869583	0
402425.859184294	4132967.9314862215	0
402426.24349215423	4132967.847166153	0
402426.72322848253	4132967.7419033954	0
402427.08757784904	4132967.661962603	0
402427.41936495726	4132967.5882168757	0
402427.87664797844	4132967.4877758967	0
402428.3066406534	4132967.4011364914	0
402428.61659243517	4132967.336584185	0
402429.0230255407	4132967.249616716	0
402429.4000244411	4132967.166662308	0
402429.72419741494	4132967.0912991487	0
402430.0579223925	4132967.0274640047	0
402430.4729309367	4132966.9933606107	0
402430.79898074194	4132966.9527111948	0
402431.1464844025	4132966.890226458	0
402431.58023074165	4132966.808500383	0
402431.9625854782	4132966.7406903235	0
402432.27293398813	4132966.688757032	0
402432.7010498332	4132966.6193448	0
402433.1378631863	4132966.548978898	0
402433.57806399214	4132966.4769726726	0
402433.99530032143	4132966.404913039	0
402434.39715578966	4132966.348379227	0
402434.71696474985	4132966.302908035	0
402435.0383301068	4132966.253042315	0
402435.4086914337	4132966.1934643714	0
402435.82650759624	4132966.126371474	0
402436.1604614543	4132966.0734692556	0
402436.54432680976	4132966.0132351853	0
402436.92376711837	4132965.954084489	0
402437.46598818724	4132965.869756792	0
402437.81266787497	4132965.8156872676	0
402438.12702944607	4132965.7665539687	0
402438.56666567683	4132965.697736833	0
402438.8941650681	4132965.646452043	0
402439.21032717696	4132965.596960161	0
402439.5695495878	4132965.5407391516	0
402439.90931704576	4132965.487600418	0
402440.24342348904	4132965.435354322	0
402440.6927795686	4132965.365079973	0
402440.99961855914	4132965.3170987084	0
402441.32421877823	4132965.266325087	0
402441.6966858186	4132965.2080746633	0
402442.210433988	4132965.12769899	0
402442.71862795774	4132965.0482159564	0
402443.0292511275	4132964.9996167137	0
402443.3438568397	4132964.9504147475	0
402443.6956939977	4132964.8953839247	0
402444.0049591351	4132964.847013564	0
402444.3309021267	4132964.7960339496	0
402444.69816592184	4132964.738599869	0
402445.060165433	4132964.681974502	0
402445.4584808632	4132964.6196881263	0
402445.919372587	4132964.547597977	0
402446.33866885037	4132964.482000442	0
402446.6503753939	4132964.433248611	0
402447.05239870964	4132964.3703595125	0
402447.48864748905	4132964.3021374666	0
402447.88179018965	4132964.2406521756	0
402448.21968081314	4132964.1878033583	0
402448.54637148906	4132964.136694046	0
402448.84509280126	4132964.0899716336	0
402449.15371706884	4132964.041700458	0
402449.47526553116	4132963.9913998567	0
402449.81724551227	4132963.9379025428	0
402450.1419372831	4132963.8871136606	0
402450.49777224497	4132963.8314572307	0
402450.9481048866	4132963.7610074	0
